vdm	V(n001)	I(V1)	I(V3)
-2.000000000000000e-01	1.626216e+00	6.126780e-11	3.456363e-08
-1.996000000000000e-01	1.626215e+00	6.203330e-11	3.456286e-08
-1.992000000000000e-01	1.626215e+00	6.280969e-11	3.456209e-08
-1.988000000000000e-01	1.626214e+00	6.359712e-11	3.456130e-08
-1.984000000000000e-01	1.626213e+00	6.439575e-11	3.456050e-08
-1.980000000000000e-01	1.626212e+00	6.520573e-11	3.455969e-08
-1.975999999999999e-01	1.626211e+00	6.602723e-11	3.455887e-08
-1.971999999999999e-01	1.626210e+00	6.686040e-11	3.455804e-08
-1.967999999999999e-01	1.626209e+00	6.770542e-11	3.455720e-08
-1.963999999999999e-01	1.626208e+00	6.856245e-11	3.455634e-08
-1.959999999999999e-01	1.626207e+00	6.943166e-11	3.455548e-08
-1.955999999999999e-01	1.626206e+00	7.031322e-11	3.455460e-08
-1.951999999999999e-01	1.626205e+00	7.120731e-11	3.455370e-08
-1.947999999999999e-01	1.626204e+00	7.211409e-11	3.455280e-08
-1.943999999999999e-01	1.626203e+00	7.303376e-11	3.455188e-08
-1.939999999999998e-01	1.626202e+00	7.396649e-11	3.455095e-08
-1.935999999999998e-01	1.626201e+00	7.491247e-11	3.455000e-08
-1.931999999999998e-01	1.626199e+00	7.587187e-11	3.454904e-08
-1.927999999999998e-01	1.626198e+00	7.684490e-11	3.454807e-08
-1.923999999999998e-01	1.626197e+00	7.783174e-11	3.454709e-08
-1.919999999999998e-01	1.626196e+00	7.883259e-11	3.454609e-08
-1.915999999999998e-01	1.626195e+00	7.984764e-11	3.454507e-08
-1.911999999999998e-01	1.626194e+00	8.087710e-11	3.454404e-08
-1.907999999999997e-01	1.626192e+00	8.192115e-11	3.454300e-08
-1.903999999999997e-01	1.626191e+00	8.298003e-11	3.454194e-08
-1.899999999999997e-01	1.626190e+00	8.405392e-11	3.454088e-08
-1.895999999999997e-01	1.626189e+00	8.514303e-11	3.453978e-08
-1.891999999999997e-01	1.626187e+00	8.624760e-11	3.453868e-08
-1.887999999999997e-01	1.626186e+00	8.736782e-11	3.453756e-08
-1.883999999999997e-01	1.626185e+00	8.850392e-11	3.453643e-08
-1.879999999999997e-01	1.626184e+00	8.965613e-11	3.453528e-08
-1.875999999999997e-01	1.626182e+00	9.082466e-11	3.453411e-08
-1.871999999999996e-01	1.626181e+00	9.200975e-11	3.453293e-08
-1.867999999999996e-01	1.626179e+00	9.321163e-11	3.453173e-08
-1.863999999999996e-01	1.626178e+00	9.443053e-11	3.453051e-08
-1.859999999999996e-01	1.626176e+00	9.566670e-11	3.452928e-08
-1.855999999999996e-01	1.626175e+00	9.692037e-11	3.452802e-08
-1.851999999999996e-01	1.626174e+00	9.819178e-11	3.452676e-08
-1.847999999999996e-01	1.626172e+00	9.948119e-11	3.452547e-08
-1.843999999999996e-01	1.626171e+00	1.007889e-10	3.452416e-08
-1.839999999999996e-01	1.626169e+00	1.021150e-10	3.452284e-08
-1.835999999999995e-01	1.626168e+00	1.034599e-10	3.452149e-08
-1.831999999999995e-01	1.626166e+00	1.048239e-10	3.452013e-08
-1.827999999999995e-01	1.626164e+00	1.062071e-10	3.451875e-08
-1.823999999999995e-01	1.626163e+00	1.076099e-10	3.451735e-08
-1.819999999999995e-01	1.626161e+00	1.090326e-10	3.451593e-08
-1.815999999999995e-01	1.626159e+00	1.104753e-10	3.451449e-08
-1.811999999999995e-01	1.626158e+00	1.119384e-10	3.451303e-08
-1.807999999999995e-01	1.626156e+00	1.134222e-10	3.451155e-08
-1.803999999999994e-01	1.626154e+00	1.149270e-10	3.451004e-08
-1.799999999999994e-01	1.626152e+00	1.164530e-10	3.450852e-08
-1.795999999999994e-01	1.626151e+00	1.180006e-10	3.450698e-08
-1.791999999999994e-01	1.626149e+00	1.195700e-10	3.450541e-08
-1.787999999999994e-01	1.626147e+00	1.211615e-10	3.450382e-08
-1.783999999999994e-01	1.626145e+00	1.227755e-10	3.450221e-08
-1.779999999999994e-01	1.626143e+00	1.244123e-10	3.450057e-08
-1.775999999999994e-01	1.626141e+00	1.260722e-10	3.449891e-08
-1.771999999999994e-01	1.626139e+00	1.277555e-10	3.449723e-08
-1.767999999999993e-01	1.626137e+00	1.294625e-10	3.449553e-08
-1.763999999999993e-01	1.626135e+00	1.311936e-10	3.449380e-08
-1.759999999999993e-01	1.626133e+00	1.329490e-10	3.449205e-08
-1.755999999999993e-01	1.626131e+00	1.347292e-10	3.449027e-08
-1.751999999999993e-01	1.626129e+00	1.365345e-10	3.448847e-08
-1.747999999999993e-01	1.626127e+00	1.383652e-10	3.448664e-08
-1.743999999999993e-01	1.626125e+00	1.402217e-10	3.448478e-08
-1.739999999999993e-01	1.626123e+00	1.421043e-10	3.448291e-08
-1.735999999999993e-01	1.626120e+00	1.440134e-10	3.448100e-08
-1.731999999999992e-01	1.626118e+00	1.459493e-10	3.447906e-08
-1.727999999999992e-01	1.626116e+00	1.479125e-10	3.447710e-08
-1.723999999999992e-01	1.626114e+00	1.499033e-10	3.447512e-08
-1.719999999999992e-01	1.626111e+00	1.519220e-10	3.447310e-08
-1.715999999999992e-01	1.626109e+00	1.539691e-10	3.447106e-08
-1.711999999999992e-01	1.626107e+00	1.560450e-10	3.446898e-08
-1.707999999999992e-01	1.626104e+00	1.581501e-10	3.446688e-08
-1.703999999999992e-01	1.626102e+00	1.602847e-10	3.446475e-08
-1.699999999999992e-01	1.626099e+00	1.624492e-10	3.446259e-08
-1.695999999999991e-01	1.626096e+00	1.646442e-10	3.446040e-08
-1.691999999999991e-01	1.626094e+00	1.668699e-10	3.445817e-08
-1.687999999999991e-01	1.626091e+00	1.691269e-10	3.445592e-08
-1.683999999999991e-01	1.626089e+00	1.714154e-10	3.445363e-08
-1.679999999999991e-01	1.626086e+00	1.737361e-10	3.445132e-08
-1.675999999999991e-01	1.626083e+00	1.760893e-10	3.444897e-08
-1.671999999999991e-01	1.626081e+00	1.784754e-10	3.444659e-08
-1.667999999999991e-01	1.626078e+00	1.808950e-10	3.444417e-08
-1.663999999999990e-01	1.626075e+00	1.833484e-10	3.444172e-08
-1.659999999999990e-01	1.626072e+00	1.858361e-10	3.443924e-08
-1.655999999999990e-01	1.626069e+00	1.883587e-10	3.443672e-08
-1.651999999999990e-01	1.626066e+00	1.909165e-10	3.443416e-08
-1.647999999999990e-01	1.626063e+00	1.935101e-10	3.443157e-08
-1.643999999999990e-01	1.626060e+00	1.961399e-10	3.442895e-08
-1.639999999999990e-01	1.626057e+00	1.988065e-10	3.442628e-08
-1.635999999999990e-01	1.626054e+00	2.015103e-10	3.442358e-08
-1.631999999999990e-01	1.626051e+00	2.042518e-10	3.442085e-08
-1.627999999999989e-01	1.626047e+00	2.070316e-10	3.441807e-08
-1.623999999999989e-01	1.626044e+00	2.098501e-10	3.441525e-08
-1.619999999999989e-01	1.626041e+00	2.127080e-10	3.441240e-08
-1.615999999999989e-01	1.626037e+00	2.156057e-10	3.440951e-08
-1.611999999999989e-01	1.626034e+00	2.185437e-10	3.440658e-08
-1.607999999999989e-01	1.626030e+00	2.215227e-10	3.440360e-08
-1.603999999999989e-01	1.626027e+00	2.245432e-10	3.440058e-08
-1.599999999999989e-01	1.626023e+00	2.276056e-10	3.439752e-08
-1.595999999999989e-01	1.626020e+00	2.307107e-10	3.439443e-08
-1.591999999999988e-01	1.626016e+00	2.338590e-10	3.439128e-08
-1.587999999999988e-01	1.626012e+00	2.370510e-10	3.438809e-08
-1.583999999999988e-01	1.626009e+00	2.402873e-10	3.438486e-08
-1.579999999999988e-01	1.626005e+00	2.435686e-10	3.438159e-08
-1.575999999999988e-01	1.626001e+00	2.468954e-10	3.437826e-08
-1.571999999999988e-01	1.625997e+00	2.502684e-10	3.437490e-08
-1.567999999999988e-01	1.625993e+00	2.536881e-10	3.437148e-08
-1.563999999999988e-01	1.625989e+00	2.571553e-10	3.436802e-08
-1.559999999999988e-01	1.625985e+00	2.606705e-10	3.436451e-08
-1.555999999999987e-01	1.625981e+00	2.642343e-10	3.436095e-08
-1.551999999999987e-01	1.625977e+00	2.678475e-10	3.435734e-08
-1.547999999999987e-01	1.625972e+00	2.715106e-10	3.435368e-08
-1.543999999999987e-01	1.625968e+00	2.752245e-10	3.434997e-08
-1.539999999999987e-01	1.625964e+00	2.789896e-10	3.434621e-08
-1.535999999999987e-01	1.625959e+00	2.828068e-10	3.434240e-08
-1.531999999999987e-01	1.625955e+00	2.866766e-10	3.433854e-08
-1.527999999999987e-01	1.625950e+00	2.905999e-10	3.433462e-08
-1.523999999999986e-01	1.625946e+00	2.945772e-10	3.433065e-08
-1.519999999999986e-01	1.625941e+00	2.986094e-10	3.432662e-08
-1.515999999999986e-01	1.625936e+00	3.026971e-10	3.432254e-08
-1.511999999999986e-01	1.625931e+00	3.068411e-10	3.431840e-08
-1.507999999999986e-01	1.625926e+00	3.110422e-10	3.431420e-08
-1.503999999999986e-01	1.625921e+00	3.153010e-10	3.430995e-08
-1.499999999999986e-01	1.625916e+00	3.196183e-10	3.430564e-08
-1.495999999999986e-01	1.625911e+00	3.239950e-10	3.430127e-08
-1.491999999999986e-01	1.625906e+00	3.284318e-10	3.429684e-08
-1.487999999999985e-01	1.625901e+00	3.329294e-10	3.429235e-08
-1.483999999999985e-01	1.625896e+00	3.374887e-10	3.428780e-08
-1.479999999999985e-01	1.625890e+00	3.421105e-10	3.428318e-08
-1.475999999999985e-01	1.625885e+00	3.467956e-10	3.427850e-08
-1.471999999999985e-01	1.625879e+00	3.515448e-10	3.427376e-08
-1.467999999999985e-01	1.625874e+00	3.563589e-10	3.426895e-08
-1.463999999999985e-01	1.625868e+00	3.612389e-10	3.426408e-08
-1.459999999999985e-01	1.625862e+00	3.661855e-10	3.425914e-08
-1.455999999999985e-01	1.625856e+00	3.711997e-10	3.425414e-08
-1.451999999999984e-01	1.625850e+00	3.762823e-10	3.424906e-08
-1.447999999999984e-01	1.625844e+00	3.814341e-10	3.424391e-08
-1.443999999999984e-01	1.625838e+00	3.866562e-10	3.423870e-08
-1.439999999999984e-01	1.625832e+00	3.919493e-10	3.423342e-08
-1.435999999999984e-01	1.625826e+00	3.973144e-10	3.422806e-08
-1.431999999999984e-01	1.625819e+00	4.027525e-10	3.422263e-08
-1.427999999999984e-01	1.625813e+00	4.082644e-10	3.421712e-08
-1.423999999999984e-01	1.625807e+00	4.138512e-10	3.421154e-08
-1.419999999999983e-01	1.625800e+00	4.195137e-10	3.420589e-08
-1.415999999999983e-01	1.625793e+00	4.252530e-10	3.420016e-08
-1.411999999999983e-01	1.625786e+00	4.310700e-10	3.419435e-08
-1.407999999999983e-01	1.625780e+00	4.369657e-10	3.418846e-08
-1.403999999999983e-01	1.625773e+00	4.429412e-10	3.418250e-08
-1.399999999999983e-01	1.625766e+00	4.489973e-10	3.417645e-08
-1.395999999999983e-01	1.625758e+00	4.551353e-10	3.417032e-08
-1.391999999999983e-01	1.625751e+00	4.613560e-10	3.416411e-08
-1.387999999999983e-01	1.625744e+00	4.676605e-10	3.415781e-08
-1.383999999999982e-01	1.625736e+00	4.740500e-10	3.415143e-08
-1.379999999999982e-01	1.625729e+00	4.805254e-10	3.414496e-08
-1.375999999999982e-01	1.625721e+00	4.870879e-10	3.413841e-08
-1.371999999999982e-01	1.625713e+00	4.937385e-10	3.413177e-08
-1.367999999999982e-01	1.625705e+00	5.004783e-10	3.412504e-08
-1.363999999999982e-01	1.625697e+00	5.073085e-10	3.411822e-08
-1.359999999999982e-01	1.625689e+00	5.142302e-10	3.411131e-08
-1.355999999999982e-01	1.625681e+00	5.212445e-10	3.410430e-08
-1.351999999999982e-01	1.625673e+00	5.283526e-10	3.409721e-08
-1.347999999999981e-01	1.625664e+00	5.355557e-10	3.409001e-08
-1.343999999999981e-01	1.625656e+00	5.428548e-10	3.408272e-08
-1.339999999999981e-01	1.625647e+00	5.502512e-10	3.407534e-08
-1.335999999999981e-01	1.625638e+00	5.577461e-10	3.406785e-08
-1.331999999999981e-01	1.625630e+00	5.653408e-10	3.406027e-08
-1.327999999999981e-01	1.625620e+00	5.730364e-10	3.405259e-08
-1.323999999999981e-01	1.625611e+00	5.808342e-10	3.404480e-08
-1.319999999999981e-01	1.625602e+00	5.887353e-10	3.403691e-08
-1.315999999999981e-01	1.625593e+00	5.967412e-10	3.402891e-08
-1.311999999999980e-01	1.625583e+00	6.048529e-10	3.402081e-08
-1.307999999999980e-01	1.625574e+00	6.130720e-10	3.401261e-08
-1.303999999999980e-01	1.625564e+00	6.213996e-10	3.400429e-08
-1.299999999999980e-01	1.625554e+00	6.298370e-10	3.399587e-08
-1.295999999999980e-01	1.625544e+00	6.383856e-10	3.398733e-08
-1.291999999999980e-01	1.625534e+00	6.470467e-10	3.397868e-08
-1.287999999999980e-01	1.625523e+00	6.558217e-10	3.396992e-08
-1.283999999999980e-01	1.625513e+00	6.647119e-10	3.396104e-08
-1.279999999999979e-01	1.625502e+00	6.737187e-10	3.395205e-08
-1.275999999999979e-01	1.625492e+00	6.828434e-10	3.394294e-08
-1.271999999999979e-01	1.625481e+00	6.920876e-10	3.393371e-08
-1.267999999999979e-01	1.625470e+00	7.014525e-10	3.392435e-08
-1.263999999999979e-01	1.625459e+00	7.109396e-10	3.391488e-08
-1.259999999999979e-01	1.625448e+00	7.205505e-10	3.390528e-08
-1.255999999999979e-01	1.625436e+00	7.302863e-10	3.389556e-08
-1.251999999999979e-01	1.625425e+00	7.401488e-10	3.388571e-08
-1.247999999999979e-01	1.625413e+00	7.501393e-10	3.387574e-08
-1.243999999999979e-01	1.625401e+00	7.602594e-10	3.386563e-08
-1.239999999999979e-01	1.625389e+00	7.705105e-10	3.385539e-08
-1.235999999999979e-01	1.625377e+00	7.808942e-10	3.384503e-08
-1.231999999999979e-01	1.625364e+00	7.914120e-10	3.383452e-08
-1.227999999999979e-01	1.625352e+00	8.020654e-10	3.382388e-08
-1.223999999999979e-01	1.625339e+00	8.128559e-10	3.381311e-08
-1.219999999999979e-01	1.625326e+00	8.237853e-10	3.380219e-08
-1.215999999999979e-01	1.625313e+00	8.348550e-10	3.379114e-08
-1.211999999999979e-01	1.625300e+00	8.460665e-10	3.377995e-08
-1.207999999999979e-01	1.625286e+00	8.574216e-10	3.376861e-08
-1.203999999999979e-01	1.625273e+00	8.689219e-10	3.375713e-08
-1.199999999999979e-01	1.625259e+00	8.805690e-10	3.374549e-08
-1.195999999999979e-01	1.625245e+00	8.923644e-10	3.373372e-08
-1.191999999999979e-01	1.625231e+00	9.043100e-10	3.372179e-08
-1.187999999999979e-01	1.625217e+00	9.164073e-10	3.370971e-08
-1.183999999999979e-01	1.625203e+00	9.286580e-10	3.369747e-08
-1.179999999999979e-01	1.625188e+00	9.410639e-10	3.368509e-08
-1.175999999999979e-01	1.625173e+00	9.536266e-10	3.367254e-08
-1.171999999999979e-01	1.625158e+00	9.663479e-10	3.365984e-08
-1.167999999999979e-01	1.625143e+00	9.792295e-10	3.364697e-08
-1.163999999999979e-01	1.625127e+00	9.922730e-10	3.363395e-08
-1.159999999999979e-01	1.625112e+00	1.005480e-09	3.362076e-08
-1.155999999999979e-01	1.625096e+00	1.018853e-09	3.360741e-08
-1.151999999999979e-01	1.625080e+00	1.032394e-09	3.359389e-08
-1.147999999999979e-01	1.625064e+00	1.046103e-09	3.358020e-08
-1.143999999999979e-01	1.625047e+00	1.059983e-09	3.356634e-08
-1.139999999999979e-01	1.625031e+00	1.074036e-09	3.355230e-08
-1.135999999999979e-01	1.625014e+00	1.088264e-09	3.353810e-08
-1.131999999999979e-01	1.624997e+00	1.102668e-09	3.352372e-08
-1.127999999999979e-01	1.624979e+00	1.117250e-09	3.350915e-08
-1.123999999999979e-01	1.624962e+00	1.132013e-09	3.349441e-08
-1.119999999999979e-01	1.624944e+00	1.146957e-09	3.347949e-08
-1.115999999999980e-01	1.624926e+00	1.162086e-09	3.346438e-08
-1.111999999999980e-01	1.624908e+00	1.177400e-09	3.344909e-08
-1.107999999999980e-01	1.624890e+00	1.192901e-09	3.343361e-08
-1.103999999999980e-01	1.624871e+00	1.208593e-09	3.341794e-08
-1.099999999999980e-01	1.624852e+00	1.224476e-09	3.340208e-08
-1.095999999999980e-01	1.624833e+00	1.240552e-09	3.338603e-08
-1.091999999999980e-01	1.624814e+00	1.256824e-09	3.336978e-08
-1.087999999999980e-01	1.624794e+00	1.273293e-09	3.335333e-08
-1.083999999999980e-01	1.624775e+00	1.289961e-09	3.333669e-08
-1.079999999999980e-01	1.624754e+00	1.306831e-09	3.331985e-08
-1.075999999999980e-01	1.624734e+00	1.323904e-09	3.330280e-08
-1.071999999999980e-01	1.624714e+00	1.341182e-09	3.328554e-08
-1.067999999999980e-01	1.624693e+00	1.358668e-09	3.326808e-08
-1.063999999999980e-01	1.624672e+00	1.376362e-09	3.325042e-08
-1.059999999999980e-01	1.624650e+00	1.394268e-09	3.323253e-08
-1.055999999999980e-01	1.624629e+00	1.412388e-09	3.321444e-08
-1.051999999999980e-01	1.624607e+00	1.430723e-09	3.319613e-08
-1.047999999999980e-01	1.624585e+00	1.449275e-09	3.317761e-08
-1.043999999999980e-01	1.624562e+00	1.468046e-09	3.315887e-08
-1.039999999999980e-01	1.624540e+00	1.487039e-09	3.313990e-08
-1.035999999999980e-01	1.624517e+00	1.506256e-09	3.312071e-08
-1.031999999999980e-01	1.624493e+00	1.525698e-09	3.310130e-08
-1.027999999999980e-01	1.624470e+00	1.545368e-09	3.308165e-08
-1.023999999999980e-01	1.624446e+00	1.565268e-09	3.306178e-08
-1.019999999999980e-01	1.624422e+00	1.585400e-09	3.304168e-08
-1.015999999999980e-01	1.624398e+00	1.605765e-09	3.302135e-08
-1.011999999999980e-01	1.624373e+00	1.626367e-09	3.300078e-08
-1.007999999999980e-01	1.624348e+00	1.647207e-09	3.297997e-08
-1.003999999999980e-01	1.624323e+00	1.668287e-09	3.295892e-08
-9.999999999999802e-02	1.624297e+00	1.689609e-09	3.293762e-08
-9.959999999999802e-02	1.624271e+00	1.711176e-09	3.291609e-08
-9.919999999999803e-02	1.624245e+00	1.732990e-09	3.289431e-08
-9.879999999999803e-02	1.624218e+00	1.755052e-09	3.287228e-08
-9.839999999999803e-02	1.624192e+00	1.777365e-09	3.285000e-08
-9.799999999999803e-02	1.624165e+00	1.799932e-09	3.282747e-08
-9.759999999999804e-02	1.624137e+00	1.822753e-09	3.280468e-08
-9.719999999999804e-02	1.624109e+00	1.845831e-09	3.278163e-08
-9.679999999999804e-02	1.624081e+00	1.869169e-09	3.275833e-08
-9.639999999999804e-02	1.624053e+00	1.892769e-09	3.273476e-08
-9.599999999999805e-02	1.624024e+00	1.916632e-09	3.271094e-08
-9.559999999999805e-02	1.623995e+00	1.940761e-09	3.268684e-08
-9.519999999999805e-02	1.623965e+00	1.965158e-09	3.266248e-08
-9.479999999999805e-02	1.623936e+00	1.989825e-09	3.263785e-08
-9.439999999999805e-02	1.623905e+00	2.014763e-09	3.261295e-08
-9.399999999999806e-02	1.623875e+00	2.039977e-09	3.258777e-08
-9.359999999999806e-02	1.623844e+00	2.065466e-09	3.256232e-08
-9.319999999999806e-02	1.623813e+00	2.091235e-09	3.253659e-08
-9.279999999999806e-02	1.623781e+00	2.117283e-09	3.251058e-08
-9.239999999999807e-02	1.623749e+00	2.143615e-09	3.248429e-08
-9.199999999999807e-02	1.623717e+00	2.170232e-09	3.245771e-08
-9.159999999999807e-02	1.623685e+00	2.197135e-09	3.243085e-08
-9.119999999999807e-02	1.623652e+00	2.224328e-09	3.240369e-08
-9.079999999999808e-02	1.623618e+00	2.251812e-09	3.237625e-08
-9.039999999999808e-02	1.623584e+00	2.279589e-09	3.234851e-08
-8.999999999999808e-02	1.623550e+00	2.307662e-09	3.232048e-08
-8.959999999999808e-02	1.623516e+00	2.336032e-09	3.229216e-08
-8.919999999999809e-02	1.623481e+00	2.364702e-09	3.226353e-08
-8.879999999999809e-02	1.623445e+00	2.393673e-09	3.223460e-08
-8.839999999999809e-02	1.623410e+00	2.422948e-09	3.220537e-08
-8.799999999999809e-02	1.623374e+00	2.452529e-09	3.217583e-08
-8.759999999999810e-02	1.623337e+00	2.482417e-09	3.214599e-08
-8.719999999999810e-02	1.623300e+00	2.512615e-09	3.211584e-08
-8.679999999999810e-02	1.623263e+00	2.543126e-09	3.208537e-08
-8.639999999999810e-02	1.623225e+00	2.573949e-09	3.205459e-08
-8.599999999999811e-02	1.623187e+00	2.605089e-09	3.202350e-08
-8.559999999999811e-02	1.623148e+00	2.636547e-09	3.199209e-08
-8.519999999999811e-02	1.623109e+00	2.668324e-09	3.196036e-08
-8.479999999999811e-02	1.623070e+00	2.700423e-09	3.192831e-08
-8.439999999999812e-02	1.623030e+00	2.732846e-09	3.189593e-08
-8.399999999999812e-02	1.622990e+00	2.765595e-09	3.186323e-08
-8.359999999999812e-02	1.622949e+00	2.798671e-09	3.183021e-08
-8.319999999999812e-02	1.622908e+00	2.832076e-09	3.179685e-08
-8.279999999999813e-02	1.622867e+00	2.865813e-09	3.176316e-08
-8.239999999999813e-02	1.622825e+00	2.899883e-09	3.172915e-08
-8.199999999999813e-02	1.622782e+00	2.934288e-09	3.169479e-08
-8.159999999999813e-02	1.622739e+00	2.969031e-09	3.166010e-08
-8.119999999999813e-02	1.622696e+00	3.004111e-09	3.162507e-08
-8.079999999999814e-02	1.622652e+00	3.039533e-09	3.158971e-08
-8.039999999999814e-02	1.622608e+00	3.075297e-09	3.155400e-08
-7.999999999999814e-02	1.622563e+00	3.111404e-09	3.151795e-08
-7.959999999999814e-02	1.622518e+00	3.147858e-09	3.148154e-08
-7.919999999999815e-02	1.622472e+00	3.184660e-09	3.144480e-08
-7.879999999999815e-02	1.622426e+00	3.221810e-09	3.140770e-08
-7.839999999999815e-02	1.622379e+00	3.259312e-09	3.137026e-08
-7.799999999999815e-02	1.622332e+00	3.297166e-09	3.133246e-08
-7.759999999999816e-02	1.622284e+00	3.335375e-09	3.129431e-08
-7.719999999999816e-02	1.622236e+00	3.373940e-09	3.125581e-08
-7.679999999999816e-02	1.622188e+00	3.412862e-09	3.121695e-08
-7.639999999999816e-02	1.622139e+00	3.452143e-09	3.117772e-08
-7.599999999999817e-02	1.622089e+00	3.491784e-09	3.113814e-08
-7.559999999999817e-02	1.622039e+00	3.531788e-09	3.109820e-08
-7.519999999999817e-02	1.621988e+00	3.572156e-09	3.105789e-08
-7.479999999999817e-02	1.621937e+00	3.612888e-09	3.101722e-08
-7.439999999999818e-02	1.621886e+00	3.653988e-09	3.097619e-08
-7.399999999999818e-02	1.621834e+00	3.695455e-09	3.093478e-08
-7.359999999999818e-02	1.621781e+00	3.737291e-09	3.089301e-08
-7.319999999999818e-02	1.621728e+00	3.779498e-09	3.085087e-08
-7.279999999999819e-02	1.621674e+00	3.822078e-09	3.080835e-08
-7.239999999999819e-02	1.621620e+00	3.865031e-09	3.076547e-08
-7.199999999999819e-02	1.621565e+00	3.908358e-09	3.072221e-08
-7.159999999999819e-02	1.621510e+00	3.952061e-09	3.067857e-08
-7.119999999999820e-02	1.621454e+00	3.996141e-09	3.063456e-08
-7.079999999999820e-02	1.621398e+00	4.040600e-09	3.059017e-08
-7.039999999999820e-02	1.621341e+00	4.085437e-09	3.054540e-08
-6.999999999999820e-02	1.621284e+00	4.130656e-09	3.050025e-08
-6.959999999999820e-02	1.621225e+00	4.176256e-09	3.045472e-08
-6.919999999999821e-02	1.621167e+00	4.222239e-09	3.040881e-08
-6.879999999999821e-02	1.621108e+00	4.268605e-09	3.036252e-08
-6.839999999999821e-02	1.621048e+00	4.315356e-09	3.031584e-08
-6.799999999999821e-02	1.620988e+00	4.362493e-09	3.026878e-08
-6.759999999999822e-02	1.620927e+00	4.410016e-09	3.022133e-08
-6.719999999999822e-02	1.620866e+00	4.457926e-09	3.017349e-08
-6.679999999999822e-02	1.620804e+00	4.506225e-09	3.012527e-08
-6.639999999999822e-02	1.620741e+00	4.554913e-09	3.007666e-08
-6.599999999999823e-02	1.620678e+00	4.603991e-09	3.002765e-08
-6.559999999999823e-02	1.620615e+00	4.653459e-09	2.997826e-08
-6.519999999999823e-02	1.620551e+00	4.703319e-09	2.992848e-08
-6.479999999999823e-02	1.620486e+00	4.753570e-09	2.987831e-08
-6.439999999999824e-02	1.620420e+00	4.804214e-09	2.982775e-08
-6.399999999999824e-02	1.620354e+00	4.855252e-09	2.977679e-08
-6.359999999999824e-02	1.620288e+00	4.906683e-09	2.972544e-08
-6.319999999999824e-02	1.620221e+00	4.958508e-09	2.967369e-08
-6.279999999999825e-02	1.620153e+00	5.010727e-09	2.962156e-08
-6.239999999999825e-02	1.620084e+00	5.063342e-09	2.956903e-08
-6.199999999999825e-02	1.620015e+00	5.116353e-09	2.951610e-08
-6.159999999999825e-02	1.619946e+00	5.169759e-09	2.946278e-08
-6.119999999999826e-02	1.619876e+00	5.223562e-09	2.940906e-08
-6.079999999999826e-02	1.619805e+00	5.277760e-09	2.935495e-08
-6.039999999999826e-02	1.619733e+00	5.332355e-09	2.930044e-08
-5.999999999999826e-02	1.619661e+00	5.387348e-09	2.924554e-08
-5.959999999999827e-02	1.619588e+00	5.442737e-09	2.919024e-08
-5.919999999999827e-02	1.619515e+00	5.498523e-09	2.913454e-08
-5.879999999999827e-02	1.619441e+00	5.554707e-09	2.907844e-08
-5.839999999999827e-02	1.619367e+00	5.611287e-09	2.902195e-08
-5.799999999999828e-02	1.619291e+00	5.668265e-09	2.896507e-08
-5.759999999999828e-02	1.619216e+00	5.725640e-09	2.890779e-08
-5.719999999999828e-02	1.619139e+00	5.783412e-09	2.885011e-08
-5.679999999999828e-02	1.619062e+00	5.841581e-09	2.879203e-08
-5.639999999999828e-02	1.618984e+00	5.900146e-09	2.873356e-08
-5.599999999999829e-02	1.618906e+00	5.959108e-09	2.867470e-08
-5.559999999999829e-02	1.618827e+00	6.018466e-09	2.861544e-08
-5.519999999999829e-02	1.618747e+00	6.078219e-09	2.855578e-08
-5.479999999999829e-02	1.618667e+00	6.138368e-09	2.849573e-08
-5.439999999999830e-02	1.618586e+00	6.198912e-09	2.843528e-08
-5.399999999999830e-02	1.618504e+00	6.259851e-09	2.837444e-08
-5.359999999999830e-02	1.618421e+00	6.321184e-09	2.831321e-08
-5.319999999999830e-02	1.618338e+00	6.382910e-09	2.825159e-08
-5.279999999999831e-02	1.618255e+00	6.445029e-09	2.818957e-08
-5.239999999999831e-02	1.618170e+00	6.507540e-09	2.812716e-08
-5.199999999999831e-02	1.618085e+00	6.570443e-09	2.806436e-08
-5.159999999999831e-02	1.618000e+00	6.633737e-09	2.800117e-08
-5.119999999999832e-02	1.617913e+00	6.697421e-09	2.793759e-08
-5.079999999999832e-02	1.617826e+00	6.761495e-09	2.787363e-08
-5.039999999999832e-02	1.617738e+00	6.825957e-09	2.780927e-08
-4.999999999999832e-02	1.617650e+00	6.890806e-09	2.774453e-08
-4.959999999999833e-02	1.617561e+00	6.956042e-09	2.767940e-08
-4.919999999999833e-02	1.617471e+00	7.021665e-09	2.761389e-08
-4.879999999999833e-02	1.617381e+00	7.087671e-09	2.754799e-08
-4.839999999999833e-02	1.617289e+00	7.154061e-09	2.748171e-08
-4.799999999999834e-02	1.617198e+00	7.220834e-09	2.741505e-08
-4.759999999999834e-02	1.617105e+00	7.287988e-09	2.734801e-08
-4.719999999999834e-02	1.617012e+00	7.355522e-09	2.728059e-08
-4.679999999999834e-02	1.616918e+00	7.423434e-09	2.721279e-08
-4.639999999999835e-02	1.616823e+00	7.491725e-09	2.714462e-08
-4.599999999999835e-02	1.616728e+00	7.560391e-09	2.707607e-08
-4.559999999999835e-02	1.616632e+00	7.629433e-09	2.700714e-08
-4.519999999999835e-02	1.616535e+00	7.698848e-09	2.693784e-08
-4.479999999999836e-02	1.616437e+00	7.768635e-09	2.686818e-08
-4.439999999999836e-02	1.616339e+00	7.838792e-09	2.679814e-08
-4.399999999999836e-02	1.616240e+00	7.909318e-09	2.672773e-08
-4.359999999999836e-02	1.616141e+00	7.980211e-09	2.665696e-08
-4.319999999999836e-02	1.616040e+00	8.051471e-09	2.658582e-08
-4.279999999999837e-02	1.615939e+00	8.123093e-09	2.651432e-08
-4.239999999999837e-02	1.615837e+00	8.195079e-09	2.644246e-08
-4.199999999999837e-02	1.615735e+00	8.267425e-09	2.637024e-08
-4.159999999999837e-02	1.615632e+00	8.340129e-09	2.629766e-08
-4.119999999999838e-02	1.615528e+00	8.413191e-09	2.622473e-08
-4.079999999999838e-02	1.615423e+00	8.486607e-09	2.615144e-08
-4.039999999999838e-02	1.615317e+00	8.560376e-09	2.607780e-08
-3.999999999999838e-02	1.615211e+00	8.634497e-09	2.600381e-08
-3.959999999999839e-02	1.615104e+00	8.708967e-09	2.592947e-08
-3.919999999999839e-02	1.614997e+00	8.783783e-09	2.585478e-08
-3.879999999999839e-02	1.614888e+00	8.858945e-09	2.577975e-08
-3.839999999999839e-02	1.614779e+00	8.934449e-09	2.570438e-08
-3.799999999999840e-02	1.614670e+00	9.010293e-09	2.562867e-08
-3.759999999999840e-02	1.614559e+00	9.086476e-09	2.555262e-08
-3.719999999999840e-02	1.614448e+00	9.162995e-09	2.547624e-08
-3.679999999999840e-02	1.614336e+00	9.239848e-09	2.539952e-08
-3.639999999999841e-02	1.614223e+00	9.317032e-09	2.532247e-08
-3.599999999999841e-02	1.614109e+00	9.394546e-09	2.524510e-08
-3.559999999999841e-02	1.613995e+00	9.472386e-09	2.516740e-08
-3.519999999999841e-02	1.613880e+00	9.550551e-09	2.508937e-08
-3.479999999999842e-02	1.613764e+00	9.629037e-09	2.501103e-08
-3.439999999999842e-02	1.613647e+00	9.707843e-09	2.493237e-08
-3.399999999999842e-02	1.613530e+00	9.786965e-09	2.485339e-08
-3.359999999999842e-02	1.613412e+00	9.866401e-09	2.477409e-08
-3.319999999999843e-02	1.613293e+00	9.946149e-09	2.469449e-08
-3.279999999999843e-02	1.613174e+00	1.002621e-08	2.461458e-08
-3.239999999999843e-02	1.613053e+00	1.010657e-08	2.453436e-08
-3.199999999999843e-02	1.612932e+00	1.018723e-08	2.445385e-08
-3.159999999999843e-02	1.612810e+00	1.026820e-08	2.437303e-08
-3.119999999999843e-02	1.612688e+00	1.034947e-08	2.429191e-08
-3.079999999999843e-02	1.612565e+00	1.043102e-08	2.421050e-08
-3.039999999999843e-02	1.612440e+00	1.051288e-08	2.412880e-08
-2.999999999999843e-02	1.612315e+00	1.059502e-08	2.404681e-08
-2.959999999999843e-02	1.612190e+00	1.067744e-08	2.396454e-08
-2.919999999999843e-02	1.612063e+00	1.076015e-08	2.388198e-08
-2.879999999999843e-02	1.611936e+00	1.084314e-08	2.379915e-08
-2.839999999999843e-02	1.611808e+00	1.092641e-08	2.371604e-08
-2.799999999999843e-02	1.611679e+00	1.100995e-08	2.363265e-08
-2.759999999999842e-02	1.611550e+00	1.109376e-08	2.354900e-08
-2.719999999999842e-02	1.611420e+00	1.117784e-08	2.346508e-08
-2.679999999999842e-02	1.611289e+00	1.126219e-08	2.338089e-08
-2.639999999999842e-02	1.611157e+00	1.134680e-08	2.329644e-08
-2.599999999999842e-02	1.611024e+00	1.143166e-08	2.321174e-08
-2.559999999999842e-02	1.610891e+00	1.151678e-08	2.312678e-08
-2.519999999999842e-02	1.610757e+00	1.160215e-08	2.304158e-08
-2.479999999999842e-02	1.610622e+00	1.168777e-08	2.295612e-08
-2.439999999999842e-02	1.610486e+00	1.177364e-08	2.287042e-08
-2.399999999999841e-02	1.610349e+00	1.185974e-08	2.278448e-08
-2.359999999999841e-02	1.610212e+00	1.194609e-08	2.269830e-08
-2.319999999999841e-02	1.610074e+00	1.203267e-08	2.261189e-08
-2.279999999999841e-02	1.609935e+00	1.211948e-08	2.252525e-08
-2.239999999999841e-02	1.609796e+00	1.220652e-08	2.243838e-08
-2.199999999999841e-02	1.609655e+00	1.229378e-08	2.235128e-08
-2.159999999999841e-02	1.609514e+00	1.238127e-08	2.226397e-08
-2.119999999999841e-02	1.609372e+00	1.246897e-08	2.217644e-08
-2.079999999999841e-02	1.609229e+00	1.255689e-08	2.208870e-08
-2.039999999999841e-02	1.609086e+00	1.264501e-08	2.200075e-08
-1.999999999999840e-02	1.608941e+00	1.273335e-08	2.191259e-08
-1.959999999999840e-02	1.608796e+00	1.282188e-08	2.182423e-08
-1.919999999999840e-02	1.608650e+00	1.291062e-08	2.173567e-08
-1.879999999999840e-02	1.608504e+00	1.299955e-08	2.164692e-08
-1.839999999999840e-02	1.608356e+00	1.308867e-08	2.155798e-08
-1.799999999999840e-02	1.608208e+00	1.317798e-08	2.146885e-08
-1.759999999999840e-02	1.608059e+00	1.326748e-08	2.137953e-08
-1.719999999999840e-02	1.607909e+00	1.335715e-08	2.129004e-08
-1.679999999999840e-02	1.607758e+00	1.344700e-08	2.120037e-08
-1.639999999999840e-02	1.607607e+00	1.353703e-08	2.111053e-08
-1.599999999999839e-02	1.607455e+00	1.362723e-08	2.102052e-08
-1.559999999999839e-02	1.607302e+00	1.371759e-08	2.093034e-08
-1.519999999999840e-02	1.607148e+00	1.380811e-08	2.084001e-08
-1.479999999999840e-02	1.606993e+00	1.389879e-08	2.074952e-08
-1.439999999999840e-02	1.606838e+00	1.398962e-08	2.065887e-08
-1.399999999999840e-02	1.606682e+00	1.408061e-08	2.056808e-08
-1.359999999999840e-02	1.606525e+00	1.417173e-08	2.047714e-08
-1.319999999999840e-02	1.606367e+00	1.426300e-08	2.038606e-08
-1.279999999999840e-02	1.606208e+00	1.435441e-08	2.029485e-08
-1.239999999999840e-02	1.606049e+00	1.444596e-08	2.020350e-08
-1.199999999999840e-02	1.605889e+00	1.453763e-08	2.011202e-08
-1.159999999999840e-02	1.605728e+00	1.462943e-08	2.002042e-08
-1.119999999999840e-02	1.605566e+00	1.472135e-08	1.992869e-08
-1.079999999999840e-02	1.605403e+00	1.481339e-08	1.983685e-08
-1.039999999999840e-02	1.605240e+00	1.490554e-08	1.974490e-08
-9.999999999998404e-03	1.605076e+00	1.499780e-08	1.965283e-08
-9.599999999998405e-03	1.604911e+00	1.509017e-08	1.956067e-08
-9.199999999998406e-03	1.604745e+00	1.518264e-08	1.946840e-08
-8.799999999998406e-03	1.604579e+00	1.527521e-08	1.937603e-08
-8.399999999998407e-03	1.604411e+00	1.536787e-08	1.928358e-08
-7.999999999998408e-03	1.604243e+00	1.546062e-08	1.919103e-08
-7.599999999998408e-03	1.604074e+00	1.555346e-08	1.909840e-08
-7.199999999998407e-03	1.603904e+00	1.564637e-08	1.900569e-08
-6.799999999998407e-03	1.603734e+00	1.573937e-08	1.891291e-08
-6.399999999998407e-03	1.603562e+00	1.583243e-08	1.882005e-08
-5.999999999998407e-03	1.603390e+00	1.592556e-08	1.872712e-08
-5.599999999998407e-03	1.603217e+00	1.601876e-08	1.863413e-08
-5.199999999998406e-03	1.603044e+00	1.611202e-08	1.854109e-08
-4.799999999998406e-03	1.602869e+00	1.620534e-08	1.844798e-08
-4.399999999998406e-03	1.602694e+00	1.629871e-08	1.835483e-08
-3.999999999998406e-03	1.602517e+00	1.639212e-08	1.826163e-08
-3.599999999998406e-03	1.602340e+00	1.648558e-08	1.816838e-08
-3.199999999998406e-03	1.602163e+00	1.657908e-08	1.807510e-08
-2.799999999998405e-03	1.601984e+00	1.667261e-08	1.798178e-08
-2.399999999998405e-03	1.601805e+00	1.676617e-08	1.788844e-08
-1.999999999998405e-03	1.601624e+00	1.685977e-08	1.779507e-08
-1.599999999998405e-03	1.601444e+00	1.695338e-08	1.770167e-08
-1.199999999998405e-03	1.601262e+00	1.704701e-08	1.760827e-08
-7.999999999984051e-04	1.601079e+00	1.714066e-08	1.751484e-08
-3.999999999984050e-04	1.600896e+00	1.723431e-08	1.742141e-08
1.594969815943426e-15	1.600712e+00	1.732797e-08	1.732797e-08
4.000000000015950e-04	1.600527e+00	1.742163e-08	1.723453e-08
8.000000000015950e-04	1.600341e+00	1.751529e-08	1.714110e-08
1.200000000001595e-03	1.600154e+00	1.760895e-08	1.704768e-08
1.600000000001595e-03	1.599967e+00	1.770259e-08	1.695426e-08
2.000000000001595e-03	1.599779e+00	1.779621e-08	1.686086e-08
2.400000000001595e-03	1.599590e+00	1.788982e-08	1.676749e-08
2.800000000001595e-03	1.599400e+00	1.798340e-08	1.667414e-08
3.200000000001596e-03	1.599209e+00	1.807696e-08	1.658081e-08
3.600000000001596e-03	1.599018e+00	1.817048e-08	1.648753e-08
4.000000000001596e-03	1.598825e+00	1.826396e-08	1.639427e-08
4.400000000001596e-03	1.598632e+00	1.835740e-08	1.630107e-08
4.800000000001596e-03	1.598439e+00	1.845080e-08	1.620790e-08
5.200000000001597e-03	1.598244e+00	1.854415e-08	1.611479e-08
5.600000000001597e-03	1.598049e+00	1.863745e-08	1.602173e-08
6.000000000001597e-03	1.597852e+00	1.873069e-08	1.592873e-08
6.400000000001597e-03	1.597655e+00	1.882387e-08	1.583579e-08
6.800000000001597e-03	1.597458e+00	1.891698e-08	1.574292e-08
7.200000000001597e-03	1.597259e+00	1.901002e-08	1.565012e-08
7.600000000001598e-03	1.597059e+00	1.910299e-08	1.555739e-08
8.000000000001598e-03	1.596859e+00	1.919588e-08	1.546474e-08
8.400000000001597e-03	1.596658e+00	1.928869e-08	1.537218e-08
8.800000000001596e-03	1.596456e+00	1.938141e-08	1.527971e-08
9.200000000001596e-03	1.596254e+00	1.947404e-08	1.518732e-08
9.600000000001595e-03	1.596050e+00	1.956657e-08	1.509503e-08
1.000000000000159e-02	1.595846e+00	1.965901e-08	1.500285e-08
1.040000000000159e-02	1.595641e+00	1.975134e-08	1.491076e-08
1.080000000000159e-02	1.595435e+00	1.984357e-08	1.481879e-08
1.120000000000159e-02	1.595229e+00	1.993568e-08	1.472692e-08
1.160000000000159e-02	1.595021e+00	2.002768e-08	1.463517e-08
1.200000000000159e-02	1.594813e+00	2.011956e-08	1.454355e-08
1.240000000000159e-02	1.594604e+00	2.021132e-08	1.445204e-08
1.280000000000159e-02	1.594394e+00	2.030295e-08	1.436066e-08
1.320000000000159e-02	1.594184e+00	2.039445e-08	1.426942e-08
1.360000000000159e-02	1.593972e+00	2.048582e-08	1.417831e-08
1.400000000000159e-02	1.593760e+00	2.057704e-08	1.408735e-08
1.440000000000159e-02	1.593547e+00	2.066812e-08	1.399652e-08
1.480000000000159e-02	1.593333e+00	2.075906e-08	1.390585e-08
1.520000000000159e-02	1.593119e+00	2.084984e-08	1.381532e-08
1.560000000000158e-02	1.592903e+00	2.094047e-08	1.372496e-08
1.600000000000159e-02	1.592687e+00	2.103094e-08	1.363475e-08
1.640000000000159e-02	1.592470e+00	2.112125e-08	1.354470e-08
1.680000000000159e-02	1.592252e+00	2.121139e-08	1.345483e-08
1.720000000000159e-02	1.592034e+00	2.130137e-08	1.336512e-08
1.760000000000159e-02	1.591815e+00	2.139116e-08	1.327559e-08
1.800000000000159e-02	1.591594e+00	2.148078e-08	1.318624e-08
1.840000000000159e-02	1.591374e+00	2.157022e-08	1.309707e-08
1.880000000000159e-02	1.591152e+00	2.165947e-08	1.300808e-08
1.920000000000159e-02	1.590929e+00	2.174854e-08	1.291929e-08
1.960000000000160e-02	1.590706e+00	2.183741e-08	1.283069e-08
2.000000000000160e-02	1.590482e+00	2.192608e-08	1.274229e-08
2.040000000000160e-02	1.590257e+00	2.201455e-08	1.265409e-08
2.080000000000160e-02	1.590032e+00	2.210282e-08	1.256609e-08
2.120000000000160e-02	1.589805e+00	2.219089e-08	1.247830e-08
2.160000000000160e-02	1.589578e+00	2.227874e-08	1.239073e-08
2.200000000000160e-02	1.589350e+00	2.236638e-08	1.230337e-08
2.240000000000160e-02	1.589121e+00	2.245379e-08	1.221623e-08
2.280000000000160e-02	1.588892e+00	2.254099e-08	1.212931e-08
2.320000000000160e-02	1.588661e+00	2.262796e-08	1.204262e-08
2.360000000000161e-02	1.588430e+00	2.271471e-08	1.195615e-08
2.400000000000161e-02	1.588198e+00	2.280122e-08	1.186992e-08
2.440000000000161e-02	1.587966e+00	2.288749e-08	1.178393e-08
2.480000000000161e-02	1.587732e+00	2.297353e-08	1.169818e-08
2.520000000000161e-02	1.587498e+00	2.305932e-08	1.161267e-08
2.560000000000161e-02	1.587263e+00	2.314487e-08	1.152740e-08
2.600000000000161e-02	1.587027e+00	2.323017e-08	1.144239e-08
2.640000000000161e-02	1.586790e+00	2.331522e-08	1.135763e-08
2.680000000000161e-02	1.586553e+00	2.340001e-08	1.127313e-08
2.720000000000162e-02	1.586315e+00	2.348454e-08	1.118888e-08
2.760000000000162e-02	1.586076e+00	2.356882e-08	1.110490e-08
2.800000000000162e-02	1.585837e+00	2.365282e-08	1.102119e-08
2.840000000000162e-02	1.585596e+00	2.373656e-08	1.093774e-08
2.880000000000162e-02	1.585355e+00	2.382003e-08	1.085457e-08
2.920000000000162e-02	1.585113e+00	2.390322e-08	1.077167e-08
2.960000000000162e-02	1.584870e+00	2.398613e-08	1.068905e-08
3.000000000000162e-02	1.584627e+00	2.406877e-08	1.060671e-08
3.040000000000162e-02	1.584382e+00	2.415112e-08	1.052465e-08
3.080000000000162e-02	1.584137e+00	2.423318e-08	1.044288e-08
3.120000000000163e-02	1.583892e+00	2.431496e-08	1.036141e-08
3.160000000000163e-02	1.583645e+00	2.439644e-08	1.028022e-08
3.200000000000162e-02	1.583398e+00	2.447763e-08	1.019934e-08
3.240000000000162e-02	1.583150e+00	2.455852e-08	1.011875e-08
3.280000000000162e-02	1.582901e+00	2.463911e-08	1.003846e-08
3.320000000000162e-02	1.582651e+00	2.471940e-08	9.958474e-09
3.360000000000161e-02	1.582401e+00	2.479938e-08	9.878797e-09
3.400000000000161e-02	1.582150e+00	2.487905e-08	9.799431e-09
3.440000000000161e-02	1.581898e+00	2.495841e-08	9.720376e-09
3.480000000000161e-02	1.581645e+00	2.503745e-08	9.641636e-09
3.520000000000161e-02	1.581392e+00	2.511618e-08	9.563213e-09
3.560000000000160e-02	1.581138e+00	2.519460e-08	9.485110e-09
3.600000000000160e-02	1.580883e+00	2.527269e-08	9.407331e-09
3.640000000000160e-02	1.580627e+00	2.535045e-08	9.329876e-09
3.680000000000160e-02	1.580371e+00	2.542789e-08	9.252748e-09
3.720000000000159e-02	1.580114e+00	2.550500e-08	9.175950e-09
3.760000000000159e-02	1.579856e+00	2.558178e-08	9.099484e-09
3.800000000000159e-02	1.579597e+00	2.565822e-08	9.023352e-09
3.840000000000159e-02	1.579338e+00	2.573433e-08	8.947556e-09
3.880000000000158e-02	1.579078e+00	2.581010e-08	8.872099e-09
3.920000000000158e-02	1.578817e+00	2.588554e-08	8.796984e-09
3.960000000000158e-02	1.578556e+00	2.596063e-08	8.722212e-09
4.000000000000158e-02	1.578293e+00	2.603537e-08	8.647785e-09
4.040000000000157e-02	1.578030e+00	2.610977e-08	8.573705e-09
4.080000000000157e-02	1.577767e+00	2.618382e-08	8.499975e-09
4.120000000000157e-02	1.577502e+00	2.625752e-08	8.426595e-09
4.160000000000157e-02	1.577237e+00	2.633087e-08	8.353569e-09
4.200000000000156e-02	1.576971e+00	2.640386e-08	8.280899e-09
4.240000000000156e-02	1.576704e+00	2.647650e-08	8.208584e-09
4.280000000000156e-02	1.576437e+00	2.654878e-08	8.136629e-09
4.320000000000156e-02	1.576169e+00	2.662069e-08	8.065035e-09
4.360000000000155e-02	1.575900e+00	2.669225e-08	7.993802e-09
4.400000000000155e-02	1.575631e+00	2.676345e-08	7.922933e-09
4.440000000000155e-02	1.575360e+00	2.683428e-08	7.852431e-09
4.480000000000155e-02	1.575089e+00	2.690474e-08	7.782296e-09
4.520000000000154e-02	1.574818e+00	2.697484e-08	7.712528e-09
4.560000000000154e-02	1.574545e+00	2.704457e-08	7.643132e-09
4.600000000000154e-02	1.574272e+00	2.711392e-08	7.574108e-09
4.640000000000154e-02	1.573999e+00	2.718290e-08	7.505456e-09
4.680000000000153e-02	1.573724e+00	2.725151e-08	7.437179e-09
4.720000000000153e-02	1.573449e+00	2.731975e-08	7.369279e-09
4.760000000000153e-02	1.573173e+00	2.738761e-08	7.301755e-09
4.800000000000153e-02	1.572896e+00	2.745509e-08	7.234609e-09
4.840000000000153e-02	1.572619e+00	2.752219e-08	7.167844e-09
4.880000000000152e-02	1.572341e+00	2.758891e-08	7.101459e-09
4.920000000000152e-02	1.572062e+00	2.765525e-08	7.035457e-09
4.960000000000152e-02	1.571783e+00	2.772121e-08	6.969837e-09
5.000000000000152e-02	1.571503e+00	2.778678e-08	6.904602e-09
5.040000000000151e-02	1.571222e+00	2.785197e-08	6.839752e-09
5.080000000000151e-02	1.570941e+00	2.791678e-08	6.775287e-09
5.120000000000151e-02	1.570659e+00	2.798120e-08	6.711210e-09
5.160000000000151e-02	1.570376e+00	2.804523e-08	6.647521e-09
5.200000000000150e-02	1.570093e+00	2.810887e-08	6.584220e-09
5.240000000000150e-02	1.569809e+00	2.817213e-08	6.521309e-09
5.280000000000150e-02	1.569524e+00	2.823499e-08	6.458788e-09
5.320000000000150e-02	1.569238e+00	2.829747e-08	6.396658e-09
5.360000000000149e-02	1.568952e+00	2.835955e-08	6.334919e-09
5.400000000000149e-02	1.568665e+00	2.842125e-08	6.273572e-09
5.440000000000149e-02	1.568378e+00	2.848255e-08	6.212618e-09
5.480000000000149e-02	1.568090e+00	2.854346e-08	6.152058e-09
5.520000000000148e-02	1.567801e+00	2.860398e-08	6.091891e-09
5.560000000000148e-02	1.567512e+00	2.866410e-08	6.032117e-09
5.600000000000148e-02	1.567222e+00	2.872383e-08	5.972739e-09
5.640000000000148e-02	1.566931e+00	2.878316e-08	5.913755e-09
5.680000000000147e-02	1.566639e+00	2.884211e-08	5.855166e-09
5.720000000000147e-02	1.566347e+00	2.890065e-08	5.796972e-09
5.760000000000147e-02	1.566055e+00	2.895881e-08	5.739174e-09
5.800000000000147e-02	1.565761e+00	2.901656e-08	5.681772e-09
5.840000000000146e-02	1.565467e+00	2.907393e-08	5.624766e-09
5.880000000000146e-02	1.565173e+00	2.913089e-08	5.568155e-09
5.920000000000146e-02	1.564878e+00	2.918746e-08	5.511940e-09
5.960000000000146e-02	1.564582e+00	2.924364e-08	5.456122e-09
6.000000000000145e-02	1.564285e+00	2.929942e-08	5.400699e-09
6.040000000000145e-02	1.563988e+00	2.935481e-08	5.345672e-09
6.080000000000145e-02	1.563691e+00	2.940980e-08	5.291040e-09
6.120000000000145e-02	1.563392e+00	2.946440e-08	5.236804e-09
6.160000000000145e-02	1.563093e+00	2.951860e-08	5.182964e-09
6.200000000000144e-02	1.562794e+00	2.957241e-08	5.129518e-09
6.240000000000144e-02	1.562494e+00	2.962582e-08	5.076468e-09
6.280000000000144e-02	1.562193e+00	2.967884e-08	5.023811e-09
6.320000000000144e-02	1.561892e+00	2.973147e-08	4.971549e-09
6.360000000000143e-02	1.561589e+00	2.978370e-08	4.919680e-09
6.400000000000143e-02	1.561287e+00	2.983554e-08	4.868205e-09
6.440000000000143e-02	1.560984e+00	2.988699e-08	4.817121e-09
6.480000000000143e-02	1.560680e+00	2.993805e-08	4.766430e-09
6.520000000000142e-02	1.560376e+00	2.998872e-08	4.716131e-09
6.560000000000142e-02	1.560071e+00	3.003900e-08	4.666223e-09
6.600000000000142e-02	1.559765e+00	3.008888e-08	4.616705e-09
6.640000000000142e-02	1.559459e+00	3.013838e-08	4.567577e-09
6.680000000000141e-02	1.559152e+00	3.018749e-08	4.518838e-09
6.720000000000141e-02	1.558845e+00	3.023622e-08	4.470486e-09
6.760000000000141e-02	1.558537e+00	3.028455e-08	4.422523e-09
6.800000000000141e-02	1.558229e+00	3.033250e-08	4.374945e-09
6.840000000000140e-02	1.557920e+00	3.038007e-08	4.327754e-09
6.880000000000140e-02	1.557611e+00	3.042725e-08	4.280947e-09
6.920000000000140e-02	1.557300e+00	3.047405e-08	4.234524e-09
6.960000000000140e-02	1.556990e+00	3.052046e-08	4.188484e-09
7.000000000000139e-02	1.556679e+00	3.056650e-08	4.142826e-09
7.040000000000139e-02	1.556367e+00	3.061215e-08	4.097549e-09
7.080000000000139e-02	1.556055e+00	3.065743e-08	4.052652e-09
7.120000000000139e-02	1.555742e+00	3.070232e-08	4.008132e-09
7.160000000000138e-02	1.555428e+00	3.074684e-08	3.963991e-09
7.200000000000138e-02	1.555114e+00	3.079099e-08	3.920226e-09
7.240000000000138e-02	1.554800e+00	3.083476e-08	3.876837e-09
7.280000000000138e-02	1.554485e+00	3.087816e-08	3.833821e-09
7.320000000000138e-02	1.554170e+00	3.092118e-08	3.791178e-09
7.360000000000137e-02	1.553854e+00	3.096383e-08	3.748907e-09
7.400000000000137e-02	1.553537e+00	3.100612e-08	3.707006e-09
7.440000000000137e-02	1.553220e+00	3.104803e-08	3.665473e-09
7.480000000000137e-02	1.552902e+00	3.108958e-08	3.624308e-09
7.520000000000136e-02	1.552584e+00	3.113076e-08	3.583509e-09
7.560000000000136e-02	1.552266e+00	3.117158e-08	3.543075e-09
7.600000000000136e-02	1.551947e+00	3.121204e-08	3.503003e-09
7.640000000000136e-02	1.551627e+00	3.125214e-08	3.463294e-09
7.680000000000135e-02	1.551307e+00	3.129187e-08	3.423944e-09
7.720000000000135e-02	1.550986e+00	3.133125e-08	3.384953e-09
7.760000000000135e-02	1.550665e+00	3.137027e-08	3.346319e-09
7.800000000000135e-02	1.550344e+00	3.140894e-08	3.308041e-09
7.840000000000134e-02	1.550021e+00	3.144725e-08	3.270117e-09
7.880000000000134e-02	1.549699e+00	3.148521e-08	3.232545e-09
7.920000000000134e-02	1.549376e+00	3.152283e-08	3.195323e-09
7.960000000000134e-02	1.549052e+00	3.156009e-08	3.158451e-09
8.000000000000133e-02	1.548728e+00	3.159700e-08	3.121925e-09
8.040000000000133e-02	1.548404e+00	3.163358e-08	3.085746e-09
8.080000000000133e-02	1.548079e+00	3.166981e-08	3.049910e-09
8.120000000000133e-02	1.547754e+00	3.170569e-08	3.014416e-09
8.160000000000132e-02	1.547428e+00	3.174124e-08	2.979263e-09
8.200000000000132e-02	1.547102e+00	3.177645e-08	2.944448e-09
8.240000000000132e-02	1.546775e+00	3.181132e-08	2.909969e-09
8.280000000000132e-02	1.546448e+00	3.184586e-08	2.875826e-09
8.320000000000131e-02	1.546120e+00	3.188007e-08	2.842016e-09
8.360000000000131e-02	1.545792e+00	3.191394e-08	2.808536e-09
8.400000000000131e-02	1.545463e+00	3.194749e-08	2.775387e-09
8.440000000000131e-02	1.545135e+00	3.198071e-08	2.742564e-09
8.480000000000130e-02	1.544805e+00	3.201360e-08	2.710067e-09
8.520000000000130e-02	1.544475e+00	3.204617e-08	2.677894e-09
8.560000000000130e-02	1.544145e+00	3.207843e-08	2.646042e-09
8.600000000000130e-02	1.543814e+00	3.211035e-08	2.614510e-09
8.640000000000130e-02	1.543483e+00	3.214197e-08	2.583296e-09
8.680000000000129e-02	1.543152e+00	3.217327e-08	2.552397e-09
8.720000000000129e-02	1.542820e+00	3.220425e-08	2.521813e-09
8.760000000000129e-02	1.542488e+00	3.223493e-08	2.491540e-09
8.800000000000129e-02	1.542155e+00	3.226529e-08	2.461576e-09
8.840000000000128e-02	1.541822e+00	3.229535e-08	2.431921e-09
8.880000000000128e-02	1.541488e+00	3.232510e-08	2.402571e-09
8.920000000000128e-02	1.541154e+00	3.235455e-08	2.373525e-09
8.960000000000128e-02	1.540820e+00	3.238370e-08	2.344781e-09
9.000000000000127e-02	1.540485e+00	3.241255e-08	2.316336e-09
9.040000000000127e-02	1.540150e+00	3.244110e-08	2.288189e-09
9.080000000000127e-02	1.539815e+00	3.246936e-08	2.260337e-09
9.120000000000127e-02	1.539479e+00	3.249732e-08	2.232779e-09
9.160000000000126e-02	1.539143e+00	3.252499e-08	2.205512e-09
9.200000000000126e-02	1.538806e+00	3.255238e-08	2.178534e-09
9.240000000000126e-02	1.538469e+00	3.257947e-08	2.151844e-09
9.280000000000126e-02	1.538132e+00	3.260628e-08	2.125438e-09
9.320000000000125e-02	1.537794e+00	3.263282e-08	2.099315e-09
9.360000000000125e-02	1.537456e+00	3.265906e-08	2.073473e-09
9.400000000000125e-02	1.537118e+00	3.268504e-08	2.047910e-09
9.440000000000125e-02	1.536779e+00	3.271073e-08	2.022624e-09
9.480000000000124e-02	1.536440e+00	3.273615e-08	1.997612e-09
9.520000000000124e-02	1.536100e+00	3.276130e-08	1.972872e-09
9.560000000000124e-02	1.535761e+00	3.278618e-08	1.948402e-09
9.600000000000124e-02	1.535421e+00	3.281079e-08	1.924201e-09
9.640000000000123e-02	1.535080e+00	3.283514e-08	1.900266e-09
9.680000000000123e-02	1.534739e+00	3.285922e-08	1.876594e-09
9.720000000000123e-02	1.534398e+00	3.288304e-08	1.853184e-09
9.760000000000123e-02	1.534057e+00	3.290661e-08	1.830034e-09
9.800000000000123e-02	1.533715e+00	3.292991e-08	1.807141e-09
9.840000000000122e-02	1.533373e+00	3.295296e-08	1.784504e-09
9.880000000000122e-02	1.533030e+00	3.297576e-08	1.762120e-09
9.920000000000122e-02	1.532687e+00	3.299830e-08	1.739987e-09
9.960000000000122e-02	1.532344e+00	3.302060e-08	1.718103e-09
1.000000000000012e-01	1.532001e+00	3.304265e-08	1.696467e-09
1.004000000000012e-01	1.531657e+00	3.306446e-08	1.675074e-09
1.008000000000012e-01	1.531313e+00	3.308602e-08	1.653925e-09
1.012000000000012e-01	1.530969e+00	3.310734e-08	1.633016e-09
1.016000000000012e-01	1.530624e+00	3.312843e-08	1.612346e-09
1.020000000000012e-01	1.530279e+00	3.314928e-08	1.591912e-09
1.024000000000012e-01	1.529934e+00	3.316990e-08	1.571712e-09
1.028000000000012e-01	1.529589e+00	3.319028e-08	1.551745e-09
1.032000000000012e-01	1.529243e+00	3.321043e-08	1.532008e-09
1.036000000000012e-01	1.528897e+00	3.323036e-08	1.512498e-09
1.040000000000012e-01	1.528551e+00	3.325006e-08	1.493215e-09
1.044000000000012e-01	1.528204e+00	3.326954e-08	1.474156e-09
1.048000000000012e-01	1.527857e+00	3.328879e-08	1.455318e-09
1.052000000000012e-01	1.527510e+00	3.330783e-08	1.436701e-09
1.056000000000012e-01	1.527163e+00	3.332665e-08	1.418301e-09
1.060000000000012e-01	1.526815e+00	3.334525e-08	1.400117e-09
1.064000000000012e-01	1.526467e+00	3.336364e-08	1.382146e-09
1.068000000000012e-01	1.526119e+00	3.338182e-08	1.364388e-09
1.072000000000012e-01	1.525770e+00	3.339979e-08	1.346839e-09
1.076000000000012e-01	1.525422e+00	3.341755e-08	1.329497e-09
1.080000000000012e-01	1.525072e+00	3.343510e-08	1.312362e-09
1.084000000000012e-01	1.524723e+00	3.345246e-08	1.295430e-09
1.088000000000012e-01	1.524374e+00	3.346961e-08	1.278699e-09
1.092000000000012e-01	1.524024e+00	3.348656e-08	1.262169e-09
1.096000000000012e-01	1.523674e+00	3.350332e-08	1.245836e-09
1.100000000000012e-01	1.523324e+00	3.351987e-08	1.229699e-09
1.104000000000011e-01	1.522973e+00	3.353624e-08	1.213756e-09
1.108000000000011e-01	1.522623e+00	3.355241e-08	1.198005e-09
1.112000000000011e-01	1.522272e+00	3.356839e-08	1.182444e-09
1.116000000000011e-01	1.521920e+00	3.358419e-08	1.167071e-09
1.120000000000011e-01	1.521569e+00	3.359980e-08	1.151884e-09
1.124000000000011e-01	1.521217e+00	3.361523e-08	1.136881e-09
1.128000000000011e-01	1.520866e+00	3.363047e-08	1.122061e-09
1.132000000000011e-01	1.520514e+00	3.364553e-08	1.107422e-09
1.136000000000011e-01	1.520161e+00	3.366042e-08	1.092961e-09
1.140000000000011e-01	1.519809e+00	3.367513e-08	1.078677e-09
1.144000000000011e-01	1.519456e+00	3.368966e-08	1.064568e-09
1.148000000000011e-01	1.519103e+00	3.370402e-08	1.050633e-09
1.152000000000011e-01	1.518750e+00	3.371821e-08	1.036868e-09
1.156000000000011e-01	1.518397e+00	3.373223e-08	1.023274e-09
1.160000000000011e-01	1.518043e+00	3.374608e-08	1.009847e-09
1.164000000000011e-01	1.517689e+00	3.375977e-08	9.965858e-10
1.168000000000011e-01	1.517335e+00	3.377329e-08	9.834891e-10
1.172000000000011e-01	1.516981e+00	3.378665e-08	9.705549e-10
1.176000000000011e-01	1.516627e+00	3.379985e-08	9.577814e-10
1.180000000000011e-01	1.516272e+00	3.381290e-08	9.451669e-10
1.184000000000011e-01	1.515918e+00	3.382578e-08	9.327097e-10
1.188000000000011e-01	1.515563e+00	3.383851e-08	9.204081e-10
1.192000000000011e-01	1.515208e+00	3.385108e-08	9.082604e-10
1.196000000000011e-01	1.514852e+00	3.386350e-08	8.962649e-10
1.200000000000011e-01	1.514497e+00	3.387578e-08	8.844199e-10
1.204000000000011e-01	1.514141e+00	3.388790e-08	8.727238e-10
1.208000000000011e-01	1.513785e+00	3.389988e-08	8.611750e-10
1.212000000000011e-01	1.513430e+00	3.391171e-08	8.497717e-10
1.216000000000011e-01	1.513073e+00	3.392340e-08	8.385124e-10
1.220000000000011e-01	1.512717e+00	3.393494e-08	8.273955e-10
1.224000000000011e-01	1.512360e+00	3.394635e-08	8.164194e-10
1.228000000000011e-01	1.512004e+00	3.395762e-08	8.055824e-10
1.232000000000011e-01	1.511647e+00	3.396874e-08	7.948832e-10
1.236000000000011e-01	1.511290e+00	3.397973e-08	7.843199e-10
1.240000000000011e-01	1.510933e+00	3.399059e-08	7.738912e-10
1.244000000000011e-01	1.510575e+00	3.400132e-08	7.635955e-10
1.248000000000011e-01	1.510218e+00	3.401191e-08	7.534313e-10
1.252000000000011e-01	1.509860e+00	3.402238e-08	7.433971e-10
1.256000000000011e-01	1.509502e+00	3.403271e-08	7.334913e-10
1.260000000000011e-01	1.509144e+00	3.404292e-08	7.237126e-10
1.264000000000011e-01	1.508786e+00	3.405301e-08	7.140594e-10
1.268000000000011e-01	1.508428e+00	3.406296e-08	7.045303e-10
1.272000000000011e-01	1.508070e+00	3.407280e-08	6.951238e-10
1.276000000000011e-01	1.507711e+00	3.408252e-08	6.858386e-10
1.280000000000011e-01	1.507352e+00	3.409211e-08	6.766732e-10
1.284000000000012e-01	1.506994e+00	3.410159e-08	6.676262e-10
1.288000000000012e-01	1.506635e+00	3.411095e-08	6.586962e-10
1.292000000000012e-01	1.506276e+00	3.412020e-08	6.498818e-10
1.296000000000012e-01	1.505916e+00	3.412933e-08	6.411817e-10
1.300000000000012e-01	1.505557e+00	3.413835e-08	6.325945e-10
1.304000000000012e-01	1.505197e+00	3.414726e-08	6.241190e-10
1.308000000000012e-01	1.504838e+00	3.415606e-08	6.157537e-10
1.312000000000012e-01	1.504478e+00	3.416475e-08	6.074973e-10
1.316000000000012e-01	1.504118e+00	3.417333e-08	5.993486e-10
1.320000000000013e-01	1.503758e+00	3.418180e-08	5.913062e-10
1.324000000000013e-01	1.503398e+00	3.419017e-08	5.833689e-10
1.328000000000013e-01	1.503037e+00	3.419844e-08	5.755355e-10
1.332000000000013e-01	1.502677e+00	3.420660e-08	5.678046e-10
1.336000000000013e-01	1.502316e+00	3.421466e-08	5.601750e-10
1.340000000000013e-01	1.501956e+00	3.422263e-08	5.526456e-10
1.344000000000013e-01	1.501595e+00	3.423049e-08	5.452150e-10
1.348000000000013e-01	1.501234e+00	3.423826e-08	5.378822e-10
1.352000000000013e-01	1.500873e+00	3.424593e-08	5.306458e-10
1.356000000000014e-01	1.500512e+00	3.425350e-08	5.235047e-10
1.360000000000014e-01	1.500151e+00	3.426099e-08	5.164579e-10
1.364000000000014e-01	1.499789e+00	3.426837e-08	5.095040e-10
1.368000000000014e-01	1.499428e+00	3.427567e-08	5.026419e-10
1.372000000000014e-01	1.499066e+00	3.428287e-08	4.958706e-10
1.376000000000014e-01	1.498705e+00	3.428999e-08	4.891890e-10
1.380000000000014e-01	1.498343e+00	3.429702e-08	4.825958e-10
1.384000000000014e-01	1.497981e+00	3.430396e-08	4.760900e-10
1.388000000000014e-01	1.497619e+00	3.431081e-08	4.696706e-10
1.392000000000015e-01	1.497257e+00	3.431758e-08	4.633364e-10
1.396000000000015e-01	1.496895e+00	3.432427e-08	4.570864e-10
1.400000000000015e-01	1.496532e+00	3.433087e-08	4.509195e-10
1.404000000000015e-01	1.496170e+00	3.433739e-08	4.448348e-10
1.408000000000015e-01	1.495808e+00	3.434383e-08	4.388311e-10
1.412000000000015e-01	1.495445e+00	3.435019e-08	4.329075e-10
1.416000000000015e-01	1.495082e+00	3.435646e-08	4.270630e-10
1.420000000000015e-01	1.494719e+00	3.436267e-08	4.212965e-10
1.424000000000016e-01	1.494357e+00	3.436879e-08	4.156071e-10
1.428000000000016e-01	1.493994e+00	3.437484e-08	4.099938e-10
1.432000000000016e-01	1.493631e+00	3.438081e-08	4.044557e-10
1.436000000000016e-01	1.493267e+00	3.438672e-08	3.989917e-10
1.440000000000016e-01	1.492904e+00	3.439254e-08	3.936010e-10
1.444000000000016e-01	1.492541e+00	3.439829e-08	3.882827e-10
1.448000000000016e-01	1.492177e+00	3.440398e-08	3.830357e-10
1.452000000000016e-01	1.491814e+00	3.440959e-08	3.778593e-10
1.456000000000016e-01	1.491450e+00	3.441513e-08	3.727524e-10
1.460000000000017e-01	1.491087e+00	3.442061e-08	3.677143e-10
1.464000000000017e-01	1.490723e+00	3.442602e-08	3.627440e-10
1.468000000000017e-01	1.490359e+00	3.443136e-08	3.578407e-10
1.472000000000017e-01	1.489995e+00	3.443663e-08	3.530035e-10
1.476000000000017e-01	1.489631e+00	3.444184e-08	3.482315e-10
1.480000000000017e-01	1.489267e+00	3.444698e-08	3.435240e-10
1.484000000000017e-01	1.488903e+00	3.445206e-08	3.388800e-10
1.488000000000017e-01	1.488539e+00	3.445708e-08	3.342988e-10
1.492000000000017e-01	1.488175e+00	3.446204e-08	3.297796e-10
1.496000000000018e-01	1.487810e+00	3.446693e-08	3.253215e-10
1.500000000000018e-01	1.487446e+00	3.447176e-08	3.209238e-10
1.504000000000018e-01	1.487082e+00	3.447654e-08	3.165858e-10
1.508000000000018e-01	1.486717e+00	3.448126e-08	3.123065e-10
1.512000000000018e-01	1.486352e+00	3.448591e-08	3.080852e-10
1.516000000000018e-01	1.485988e+00	3.449052e-08	3.039213e-10
1.520000000000018e-01	1.485623e+00	3.449506e-08	2.998139e-10
1.524000000000018e-01	1.485258e+00	3.449955e-08	2.957623e-10
1.528000000000019e-01	1.484893e+00	3.450398e-08	2.917658e-10
1.532000000000019e-01	1.484528e+00	3.450836e-08	2.878237e-10
1.536000000000019e-01	1.484163e+00	3.451269e-08	2.839352e-10
1.540000000000019e-01	1.483798e+00	3.451697e-08	2.800997e-10
1.544000000000019e-01	1.483433e+00	3.452119e-08	2.763164e-10
1.548000000000019e-01	1.483068e+00	3.452535e-08	2.725848e-10
1.552000000000019e-01	1.482702e+00	3.452947e-08	2.689040e-10
1.556000000000019e-01	1.482337e+00	3.453354e-08	2.652734e-10
1.560000000000019e-01	1.481972e+00	3.453756e-08	2.616924e-10
1.564000000000020e-01	1.481606e+00	3.454153e-08	2.581603e-10
1.568000000000020e-01	1.481241e+00	3.454545e-08	2.546765e-10
1.572000000000020e-01	1.480875e+00	3.454933e-08	2.512403e-10
1.576000000000020e-01	1.480510e+00	3.455315e-08	2.478511e-10
1.580000000000020e-01	1.480144e+00	3.455693e-08	2.445083e-10
1.584000000000020e-01	1.479778e+00	3.456067e-08	2.412113e-10
1.588000000000020e-01	1.479412e+00	3.456436e-08	2.379594e-10
1.592000000000020e-01	1.479047e+00	3.456801e-08	2.347521e-10
1.596000000000020e-01	1.478681e+00	3.457161e-08	2.315887e-10
1.600000000000021e-01	1.478315e+00	3.457517e-08	2.284688e-10
1.604000000000021e-01	1.477949e+00	3.457868e-08	2.253916e-10
1.608000000000021e-01	1.477583e+00	3.458215e-08	2.223567e-10
1.612000000000021e-01	1.477217e+00	3.458559e-08	2.193635e-10
1.616000000000021e-01	1.476851e+00	3.458898e-08	2.164114e-10
1.620000000000021e-01	1.476484e+00	3.459233e-08	2.134998e-10
1.624000000000021e-01	1.476118e+00	3.459564e-08	2.106283e-10
1.628000000000021e-01	1.475752e+00	3.459891e-08	2.077963e-10
1.632000000000021e-01	1.475385e+00	3.460214e-08	2.050033e-10
1.636000000000022e-01	1.475019e+00	3.460533e-08	2.022487e-10
1.640000000000022e-01	1.474653e+00	3.460849e-08	1.995320e-10
1.644000000000022e-01	1.474286e+00	3.461161e-08	1.968528e-10
1.648000000000022e-01	1.473920e+00	3.461469e-08	1.942104e-10
1.652000000000022e-01	1.473553e+00	3.461773e-08	1.916045e-10
1.656000000000022e-01	1.473186e+00	3.462074e-08	1.890346e-10
1.660000000000022e-01	1.472820e+00	3.462371e-08	1.865001e-10
1.664000000000022e-01	1.472453e+00	3.462666e-08	1.840005e-10
1.668000000000023e-01	1.472086e+00	3.462956e-08	1.815355e-10
1.672000000000023e-01	1.471720e+00	3.463243e-08	1.791045e-10
1.676000000000023e-01	1.471353e+00	3.463526e-08	1.767071e-10
1.680000000000023e-01	1.470986e+00	3.463807e-08	1.743429e-10
1.684000000000023e-01	1.470619e+00	3.464084e-08	1.720113e-10
1.688000000000023e-01	1.470252e+00	3.464358e-08	1.697119e-10
1.692000000000023e-01	1.469885e+00	3.464628e-08	1.674444e-10
1.696000000000023e-01	1.469518e+00	3.464896e-08	1.652082e-10
1.700000000000023e-01	1.469151e+00	3.465160e-08	1.630030e-10
1.704000000000024e-01	1.468784e+00	3.465422e-08	1.608283e-10
1.708000000000024e-01	1.468417e+00	3.465680e-08	1.586837e-10
1.712000000000024e-01	1.468050e+00	3.465935e-08	1.565688e-10
1.716000000000024e-01	1.467683e+00	3.466188e-08	1.544833e-10
1.720000000000024e-01	1.467315e+00	3.466438e-08	1.524266e-10
1.724000000000024e-01	1.466948e+00	3.466684e-08	1.503985e-10
1.728000000000024e-01	1.466581e+00	3.466928e-08	1.483985e-10
1.732000000000024e-01	1.466213e+00	3.467170e-08	1.464262e-10
1.736000000000024e-01	1.465846e+00	3.467408e-08	1.444813e-10
1.740000000000025e-01	1.465479e+00	3.467644e-08	1.425634e-10
1.744000000000025e-01	1.465111e+00	3.467877e-08	1.406721e-10
1.748000000000025e-01	1.464744e+00	3.468107e-08	1.388071e-10
1.752000000000025e-01	1.464376e+00	3.468335e-08	1.369680e-10
1.756000000000025e-01	1.464009e+00	3.468561e-08	1.351545e-10
1.760000000000025e-01	1.463641e+00	3.468783e-08	1.333661e-10
1.764000000000025e-01	1.463274e+00	3.469004e-08	1.316026e-10
1.768000000000025e-01	1.462906e+00	3.469221e-08	1.298637e-10
1.772000000000025e-01	1.462538e+00	3.469437e-08	1.281489e-10
1.776000000000026e-01	1.462171e+00	3.469650e-08	1.264580e-10
1.780000000000026e-01	1.461803e+00	3.469860e-08	1.247906e-10
1.784000000000026e-01	1.461435e+00	3.470069e-08	1.231464e-10
1.788000000000026e-01	1.461068e+00	3.470275e-08	1.215251e-10
1.792000000000026e-01	1.460700e+00	3.470479e-08	1.199263e-10
1.796000000000026e-01	1.460332e+00	3.470680e-08	1.183499e-10
1.800000000000026e-01	1.459964e+00	3.470880e-08	1.167954e-10
1.804000000000026e-01	1.459596e+00	3.471077e-08	1.152625e-10
1.808000000000027e-01	1.459229e+00	3.471272e-08	1.137511e-10
1.812000000000027e-01	1.458861e+00	3.471465e-08	1.122606e-10
1.816000000000027e-01	1.458493e+00	3.471656e-08	1.107910e-10
1.820000000000027e-01	1.458125e+00	3.471845e-08	1.093419e-10
1.824000000000027e-01	1.457757e+00	3.472032e-08	1.079129e-10
1.828000000000027e-01	1.457389e+00	3.472217e-08	1.065040e-10
1.832000000000027e-01	1.457021e+00	3.472400e-08	1.051146e-10
1.836000000000027e-01	1.456653e+00	3.472581e-08	1.037447e-10
1.840000000000027e-01	1.456284e+00	3.472760e-08	1.023939e-10
1.844000000000028e-01	1.455916e+00	3.472937e-08	1.010619e-10
1.848000000000028e-01	1.455548e+00	3.473112e-08	9.974854e-11
1.852000000000028e-01	1.455180e+00	3.473286e-08	9.845352e-11
1.856000000000028e-01	1.454812e+00	3.473458e-08	9.717659e-11
1.860000000000028e-01	1.454444e+00	3.473627e-08	9.591750e-11
1.864000000000028e-01	1.454075e+00	3.473795e-08	9.467600e-11
1.868000000000028e-01	1.453707e+00	3.473962e-08	9.345186e-11
1.872000000000028e-01	1.453339e+00	3.474127e-08	9.224482e-11
1.876000000000028e-01	1.452971e+00	3.474290e-08	9.105466e-11
1.880000000000029e-01	1.452602e+00	3.474451e-08	8.988115e-11
1.884000000000029e-01	1.452234e+00	3.474611e-08	8.872405e-11
1.888000000000029e-01	1.451866e+00	3.474769e-08	8.758313e-11
1.892000000000029e-01	1.451497e+00	3.474925e-08	8.645817e-11
1.896000000000029e-01	1.451129e+00	3.475080e-08	8.534896e-11
1.900000000000029e-01	1.450760e+00	3.475234e-08	8.425526e-11
1.904000000000029e-01	1.450392e+00	3.475385e-08	8.317688e-11
1.908000000000029e-01	1.450024e+00	3.475536e-08	8.211359e-11
1.912000000000030e-01	1.449655e+00	3.475684e-08	8.106519e-11
1.916000000000030e-01	1.449287e+00	3.475832e-08	8.003147e-11
1.920000000000030e-01	1.448918e+00	3.475978e-08	7.901222e-11
1.924000000000030e-01	1.448550e+00	3.476123e-08	7.800725e-11
1.928000000000030e-01	1.448181e+00	3.476265e-08	7.701637e-11
1.932000000000030e-01	1.447813e+00	3.476407e-08	7.603936e-11
1.936000000000030e-01	1.447444e+00	3.476547e-08	7.507604e-11
1.940000000000030e-01	1.447075e+00	3.476687e-08	7.412623e-11
1.944000000000030e-01	1.446707e+00	3.476824e-08	7.318973e-11
1.948000000000031e-01	1.446338e+00	3.476961e-08	7.226635e-11
1.952000000000031e-01	1.445970e+00	3.477096e-08	7.135591e-11
1.956000000000031e-01	1.445601e+00	3.477229e-08	7.045826e-11
1.960000000000031e-01	1.445232e+00	3.477362e-08	6.957318e-11
1.964000000000031e-01	1.444864e+00	3.477493e-08	6.870052e-11
1.968000000000031e-01	1.444495e+00	3.477623e-08	6.784009e-11
1.972000000000031e-01	1.444126e+00	3.477752e-08	6.699175e-11
1.976000000000031e-01	1.443757e+00	3.477880e-08	6.615530e-11
1.980000000000031e-01	1.443389e+00	3.478006e-08	6.533059e-11
1.984000000000032e-01	1.443020e+00	3.478131e-08	6.451745e-11
1.988000000000032e-01	1.442651e+00	3.478256e-08	6.371573e-11
1.992000000000032e-01	1.442282e+00	3.478378e-08	6.292526e-11
1.996000000000032e-01	1.441913e+00	3.478500e-08	6.214589e-11
2.000000000000000e-01	1.441545e+00	3.478621e-08	6.137746e-11
