vdm	V(n001)	I(V1)	I(V3)
-2.000000000000000e-01	2.543152e+00	6.154075e-11	3.337419e-08
-1.996000000000000e-01	2.543151e+00	6.229964e-11	3.337343e-08
-1.992000000000000e-01	2.543150e+00	6.306917e-11	3.337266e-08
-1.988000000000000e-01	2.543149e+00	6.384950e-11	3.337188e-08
-1.984000000000000e-01	2.543149e+00	6.464079e-11	3.337109e-08
-1.980000000000000e-01	2.543148e+00	6.544316e-11	3.337029e-08
-1.975999999999999e-01	2.543147e+00	6.625680e-11	3.336948e-08
-1.971999999999999e-01	2.543146e+00	6.708185e-11	3.336866e-08
-1.967999999999999e-01	2.543145e+00	6.791847e-11	3.336782e-08
-1.963999999999999e-01	2.543144e+00	6.876681e-11	3.336697e-08
-1.959999999999999e-01	2.543143e+00	6.962706e-11	3.336611e-08
-1.955999999999999e-01	2.543142e+00	7.049936e-11	3.336524e-08
-1.951999999999999e-01	2.543141e+00	7.138389e-11	3.336436e-08
-1.947999999999999e-01	2.543139e+00	7.228082e-11	3.336347e-08
-1.943999999999999e-01	2.543139e+00	7.319031e-11	3.336256e-08
-1.939999999999998e-01	2.543137e+00	7.411256e-11	3.336164e-08
-1.935999999999998e-01	2.543136e+00	7.504772e-11	3.336070e-08
-1.931999999999998e-01	2.543135e+00	7.599599e-11	3.335976e-08
-1.927999999999998e-01	2.543134e+00	7.695754e-11	3.335879e-08
-1.923999999999998e-01	2.543133e+00	7.793256e-11	3.335782e-08
-1.919999999999998e-01	2.543132e+00	7.892122e-11	3.335684e-08
-1.915999999999998e-01	2.543131e+00	7.992373e-11	3.335584e-08
-1.911999999999998e-01	2.543129e+00	8.094029e-11	3.335482e-08
-1.907999999999997e-01	2.543128e+00	8.197107e-11	3.335379e-08
-1.903999999999997e-01	2.543127e+00	8.301627e-11	3.335275e-08
-1.899999999999997e-01	2.543126e+00	8.407611e-11	3.335169e-08
-1.895999999999997e-01	2.543124e+00	8.515078e-11	3.335062e-08
-1.891999999999997e-01	2.543123e+00	8.624048e-11	3.334953e-08
-1.887999999999997e-01	2.543122e+00	8.734542e-11	3.334842e-08
-1.883999999999997e-01	2.543121e+00	8.846582e-11	3.334731e-08
-1.879999999999997e-01	2.543119e+00	8.960190e-11	3.334617e-08
-1.875999999999997e-01	2.543118e+00	9.075385e-11	3.334502e-08
-1.871999999999996e-01	2.543117e+00	9.192191e-11	3.334386e-08
-1.867999999999996e-01	2.543115e+00	9.310630e-11	3.334267e-08
-1.863999999999996e-01	2.543114e+00	9.430725e-11	3.334148e-08
-1.859999999999996e-01	2.543112e+00	9.552497e-11	3.334026e-08
-1.855999999999996e-01	2.543111e+00	9.675971e-11	3.333903e-08
-1.851999999999996e-01	2.543109e+00	9.801170e-11	3.333778e-08
-1.847999999999996e-01	2.543108e+00	9.928118e-11	3.333651e-08
-1.843999999999996e-01	2.543107e+00	1.005684e-10	3.333522e-08
-1.839999999999996e-01	2.543105e+00	1.018736e-10	3.333392e-08
-1.835999999999995e-01	2.543103e+00	1.031970e-10	3.333260e-08
-1.831999999999995e-01	2.543102e+00	1.045388e-10	3.333126e-08
-1.827999999999995e-01	2.543100e+00	1.058994e-10	3.332990e-08
-1.823999999999995e-01	2.543099e+00	1.072790e-10	3.332852e-08
-1.819999999999995e-01	2.543097e+00	1.086779e-10	3.332713e-08
-1.815999999999995e-01	2.543095e+00	1.100962e-10	3.332571e-08
-1.811999999999995e-01	2.543094e+00	1.115343e-10	3.332428e-08
-1.807999999999995e-01	2.543092e+00	1.129925e-10	3.332282e-08
-1.803999999999994e-01	2.543090e+00	1.144710e-10	3.332134e-08
-1.799999999999994e-01	2.543088e+00	1.159701e-10	3.331985e-08
-1.795999999999994e-01	2.543087e+00	1.174901e-10	3.331833e-08
-1.791999999999994e-01	2.543085e+00	1.190313e-10	3.331679e-08
-1.787999999999994e-01	2.543083e+00	1.205940e-10	3.331523e-08
-1.783999999999994e-01	2.543081e+00	1.221784e-10	3.331365e-08
-1.779999999999994e-01	2.543079e+00	1.237848e-10	3.331204e-08
-1.775999999999994e-01	2.543077e+00	1.254137e-10	3.331042e-08
-1.771999999999994e-01	2.543076e+00	1.270652e-10	3.330877e-08
-1.767999999999993e-01	2.543073e+00	1.287396e-10	3.330710e-08
-1.763999999999993e-01	2.543072e+00	1.304374e-10	3.330540e-08
-1.759999999999993e-01	2.543070e+00	1.321588e-10	3.330369e-08
-1.755999999999993e-01	2.543067e+00	1.339041e-10	3.330194e-08
-1.751999999999993e-01	2.543065e+00	1.356737e-10	3.330018e-08
-1.747999999999993e-01	2.543063e+00	1.374679e-10	3.329838e-08
-1.743999999999993e-01	2.543061e+00	1.392870e-10	3.329657e-08
-1.739999999999993e-01	2.543059e+00	1.411314e-10	3.329473e-08
-1.735999999999993e-01	2.543057e+00	1.430014e-10	3.329286e-08
-1.731999999999992e-01	2.543055e+00	1.448974e-10	3.329097e-08
-1.727999999999992e-01	2.543052e+00	1.468197e-10	3.328905e-08
-1.723999999999992e-01	2.543050e+00	1.487687e-10	3.328710e-08
-1.719999999999992e-01	2.543048e+00	1.507447e-10	3.328513e-08
-1.715999999999992e-01	2.543045e+00	1.527481e-10	3.328313e-08
-1.711999999999992e-01	2.543043e+00	1.547793e-10	3.328110e-08
-1.707999999999992e-01	2.543041e+00	1.568387e-10	3.327904e-08
-1.703999999999992e-01	2.543038e+00	1.589266e-10	3.327696e-08
-1.699999999999992e-01	2.543036e+00	1.610435e-10	3.327485e-08
-1.695999999999991e-01	2.543033e+00	1.631896e-10	3.327271e-08
-1.691999999999991e-01	2.543031e+00	1.653655e-10	3.327053e-08
-1.687999999999991e-01	2.543028e+00	1.675716e-10	3.326833e-08
-1.683999999999991e-01	2.543025e+00	1.698081e-10	3.326610e-08
-1.679999999999991e-01	2.543023e+00	1.720756e-10	3.326383e-08
-1.675999999999991e-01	2.543020e+00	1.743745e-10	3.326154e-08
-1.671999999999991e-01	2.543017e+00	1.767051e-10	3.325921e-08
-1.667999999999991e-01	2.543015e+00	1.790680e-10	3.325685e-08
-1.663999999999990e-01	2.543012e+00	1.814635e-10	3.325446e-08
-1.659999999999990e-01	2.543009e+00	1.838921e-10	3.325204e-08
-1.655999999999990e-01	2.543006e+00	1.863543e-10	3.324958e-08
-1.651999999999990e-01	2.543003e+00	1.888504e-10	3.324708e-08
-1.647999999999990e-01	2.543000e+00	1.913810e-10	3.324456e-08
-1.643999999999990e-01	2.542997e+00	1.939466e-10	3.324200e-08
-1.639999999999990e-01	2.542994e+00	1.965475e-10	3.323940e-08
-1.635999999999990e-01	2.542991e+00	1.991842e-10	3.323677e-08
-1.631999999999990e-01	2.542988e+00	2.018573e-10	3.323410e-08
-1.627999999999989e-01	2.542985e+00	2.045673e-10	3.323139e-08
-1.623999999999989e-01	2.542981e+00	2.073145e-10	3.322865e-08
-1.619999999999989e-01	2.542978e+00	2.100996e-10	3.322587e-08
-1.615999999999989e-01	2.542975e+00	2.129231e-10	3.322305e-08
-1.611999999999989e-01	2.542972e+00	2.157853e-10	3.322019e-08
-1.607999999999989e-01	2.542968e+00	2.186869e-10	3.321730e-08
-1.603999999999989e-01	2.542965e+00	2.216285e-10	3.321436e-08
-1.599999999999989e-01	2.542961e+00	2.246104e-10	3.321138e-08
-1.595999999999989e-01	2.542958e+00	2.276333e-10	3.320837e-08
-1.591999999999988e-01	2.542954e+00	2.306977e-10	3.320531e-08
-1.587999999999988e-01	2.542950e+00	2.338042e-10	3.320221e-08
-1.583999999999988e-01	2.542947e+00	2.369533e-10	3.319906e-08
-1.579999999999988e-01	2.542943e+00	2.401456e-10	3.319587e-08
-1.575999999999988e-01	2.542939e+00	2.433816e-10	3.319264e-08
-1.571999999999988e-01	2.542935e+00	2.466620e-10	3.318937e-08
-1.567999999999988e-01	2.542931e+00	2.499873e-10	3.318605e-08
-1.563999999999988e-01	2.542928e+00	2.533581e-10	3.318268e-08
-1.559999999999988e-01	2.542923e+00	2.567751e-10	3.317927e-08
-1.555999999999987e-01	2.542919e+00	2.602388e-10	3.317581e-08
-1.551999999999987e-01	2.542915e+00	2.637499e-10	3.317231e-08
-1.547999999999987e-01	2.542911e+00	2.673089e-10	3.316875e-08
-1.543999999999987e-01	2.542907e+00	2.709166e-10	3.316515e-08
-1.539999999999987e-01	2.542902e+00	2.745735e-10	3.316150e-08
-1.535999999999987e-01	2.542898e+00	2.782803e-10	3.315780e-08
-1.531999999999987e-01	2.542894e+00	2.820377e-10	3.315405e-08
-1.527999999999987e-01	2.542889e+00	2.858463e-10	3.315025e-08
-1.523999999999986e-01	2.542885e+00	2.897067e-10	3.314639e-08
-1.519999999999986e-01	2.542880e+00	2.936198e-10	3.314248e-08
-1.515999999999986e-01	2.542876e+00	2.975861e-10	3.313853e-08
-1.511999999999986e-01	2.542871e+00	3.016064e-10	3.313451e-08
-1.507999999999986e-01	2.542866e+00	3.056813e-10	3.313044e-08
-1.503999999999986e-01	2.542861e+00	3.098117e-10	3.312632e-08
-1.499999999999986e-01	2.542856e+00	3.139981e-10	3.312214e-08
-1.495999999999986e-01	2.542851e+00	3.182413e-10	3.311790e-08
-1.491999999999986e-01	2.542846e+00	3.225422e-10	3.311361e-08
-1.487999999999985e-01	2.542841e+00	3.269013e-10	3.310926e-08
-1.483999999999985e-01	2.542836e+00	3.313195e-10	3.310485e-08
-1.479999999999985e-01	2.542831e+00	3.357976e-10	3.310038e-08
-1.475999999999985e-01	2.542825e+00	3.403362e-10	3.309584e-08
-1.471999999999985e-01	2.542820e+00	3.449363e-10	3.309125e-08
-1.467999999999985e-01	2.542814e+00	3.495985e-10	3.308660e-08
-1.463999999999985e-01	2.542809e+00	3.543238e-10	3.308188e-08
-1.459999999999985e-01	2.542803e+00	3.591128e-10	3.307710e-08
-1.455999999999985e-01	2.542798e+00	3.639665e-10	3.307225e-08
-1.451999999999984e-01	2.542792e+00	3.688856e-10	3.306734e-08
-1.447999999999984e-01	2.542786e+00	3.738710e-10	3.306237e-08
-1.443999999999984e-01	2.542780e+00	3.789236e-10	3.305732e-08
-1.439999999999984e-01	2.542774e+00	3.840441e-10	3.305221e-08
-1.435999999999984e-01	2.542768e+00	3.892335e-10	3.304703e-08
-1.431999999999984e-01	2.542762e+00	3.944927e-10	3.304178e-08
-1.427999999999984e-01	2.542755e+00	3.998225e-10	3.303646e-08
-1.423999999999984e-01	2.542749e+00	4.052238e-10	3.303106e-08
-1.419999999999983e-01	2.542742e+00	4.106976e-10	3.302560e-08
-1.415999999999983e-01	2.542736e+00	4.162447e-10	3.302006e-08
-1.411999999999983e-01	2.542729e+00	4.218662e-10	3.301445e-08
-1.407999999999983e-01	2.542723e+00	4.275628e-10	3.300876e-08
-1.403999999999983e-01	2.542716e+00	4.333356e-10	3.300300e-08
-1.399999999999983e-01	2.542709e+00	4.391856e-10	3.299716e-08
-1.395999999999983e-01	2.542702e+00	4.451136e-10	3.299124e-08
-1.391999999999983e-01	2.542695e+00	4.511208e-10	3.298524e-08
-1.387999999999983e-01	2.542688e+00	4.572080e-10	3.297917e-08
-1.383999999999982e-01	2.542681e+00	4.633763e-10	3.297301e-08
-1.379999999999982e-01	2.542673e+00	4.696267e-10	3.296677e-08
-1.375999999999982e-01	2.542666e+00	4.759602e-10	3.296044e-08
-1.371999999999982e-01	2.542658e+00	4.823779e-10	3.295403e-08
-1.367999999999982e-01	2.542650e+00	4.888807e-10	3.294754e-08
-1.363999999999982e-01	2.542643e+00	4.954698e-10	3.294096e-08
-1.359999999999982e-01	2.542635e+00	5.021463e-10	3.293430e-08
-1.355999999999982e-01	2.542627e+00	5.089111e-10	3.292755e-08
-1.351999999999982e-01	2.542619e+00	5.157654e-10	3.292070e-08
-1.347999999999981e-01	2.542610e+00	5.227104e-10	3.291377e-08
-1.343999999999981e-01	2.542602e+00	5.297470e-10	3.290674e-08
-1.339999999999981e-01	2.542594e+00	5.368764e-10	3.289963e-08
-1.335999999999981e-01	2.542585e+00	5.440999e-10	3.289242e-08
-1.331999999999981e-01	2.542577e+00	5.514184e-10	3.288511e-08
-1.327999999999981e-01	2.542568e+00	5.588333e-10	3.287770e-08
-1.323999999999981e-01	2.542559e+00	5.663455e-10	3.287020e-08
-1.319999999999981e-01	2.542550e+00	5.739564e-10	3.286261e-08
-1.315999999999981e-01	2.542541e+00	5.816671e-10	3.285491e-08
-1.311999999999980e-01	2.542531e+00	5.894788e-10	3.284711e-08
-1.307999999999980e-01	2.542522e+00	5.973928e-10	3.283921e-08
-1.303999999999980e-01	2.542513e+00	6.054103e-10	3.283121e-08
-1.299999999999980e-01	2.542503e+00	6.135324e-10	3.282310e-08
-1.295999999999980e-01	2.542493e+00	6.217606e-10	3.281488e-08
-1.291999999999980e-01	2.542484e+00	6.300960e-10	3.280656e-08
-1.287999999999980e-01	2.542474e+00	6.385399e-10	3.279813e-08
-1.283999999999980e-01	2.542463e+00	6.470937e-10	3.278959e-08
-1.279999999999979e-01	2.542453e+00	6.557585e-10	3.278094e-08
-1.275999999999979e-01	2.542443e+00	6.645358e-10	3.277218e-08
-1.271999999999979e-01	2.542432e+00	6.734268e-10	3.276330e-08
-1.267999999999979e-01	2.542422e+00	6.824329e-10	3.275431e-08
-1.263999999999979e-01	2.542411e+00	6.915554e-10	3.274520e-08
-1.259999999999979e-01	2.542400e+00	7.007958e-10	3.273598e-08
-1.255999999999979e-01	2.542389e+00	7.101554e-10	3.272663e-08
-1.251999999999979e-01	2.542377e+00	7.196355e-10	3.271717e-08
-1.247999999999979e-01	2.542366e+00	7.292376e-10	3.270758e-08
-1.243999999999979e-01	2.542355e+00	7.389631e-10	3.269787e-08
-1.239999999999979e-01	2.542343e+00	7.488134e-10	3.268804e-08
-1.235999999999979e-01	2.542331e+00	7.587900e-10	3.267808e-08
-1.231999999999979e-01	2.542319e+00	7.688943e-10	3.266799e-08
-1.227999999999979e-01	2.542307e+00	7.791277e-10	3.265777e-08
-1.223999999999979e-01	2.542295e+00	7.894918e-10	3.264742e-08
-1.219999999999979e-01	2.542282e+00	7.999880e-10	3.263695e-08
-1.215999999999979e-01	2.542269e+00	8.106179e-10	3.262634e-08
-1.211999999999979e-01	2.542257e+00	8.213829e-10	3.261559e-08
-1.207999999999979e-01	2.542244e+00	8.322846e-10	3.260470e-08
-1.203999999999979e-01	2.542231e+00	8.433245e-10	3.259368e-08
-1.199999999999979e-01	2.542217e+00	8.545041e-10	3.258252e-08
-1.195999999999979e-01	2.542204e+00	8.658251e-10	3.257122e-08
-1.191999999999979e-01	2.542190e+00	8.772889e-10	3.255977e-08
-1.187999999999979e-01	2.542176e+00	8.888973e-10	3.254818e-08
-1.183999999999979e-01	2.542162e+00	9.006517e-10	3.253645e-08
-1.179999999999979e-01	2.542148e+00	9.125539e-10	3.252457e-08
-1.175999999999979e-01	2.542134e+00	9.246053e-10	3.251253e-08
-1.171999999999979e-01	2.542119e+00	9.368077e-10	3.250035e-08
-1.167999999999979e-01	2.542104e+00	9.491627e-10	3.248802e-08
-1.163999999999979e-01	2.542090e+00	9.616720e-10	3.247553e-08
-1.159999999999979e-01	2.542074e+00	9.743372e-10	3.246289e-08
-1.155999999999979e-01	2.542059e+00	9.871600e-10	3.245009e-08
-1.151999999999979e-01	2.542044e+00	1.000142e-09	3.243712e-08
-1.147999999999979e-01	2.542028e+00	1.013285e-09	3.242400e-08
-1.143999999999979e-01	2.542012e+00	1.026591e-09	3.241072e-08
-1.139999999999979e-01	2.541996e+00	1.040061e-09	3.239727e-08
-1.135999999999979e-01	2.541980e+00	1.053698e-09	3.238366e-08
-1.131999999999979e-01	2.541963e+00	1.067503e-09	3.236988e-08
-1.127999999999979e-01	2.541947e+00	1.081477e-09	3.235592e-08
-1.123999999999979e-01	2.541930e+00	1.095622e-09	3.234180e-08
-1.119999999999979e-01	2.541913e+00	1.109941e-09	3.232751e-08
-1.115999999999980e-01	2.541895e+00	1.124436e-09	3.231304e-08
-1.111999999999980e-01	2.541878e+00	1.139106e-09	3.229839e-08
-1.107999999999980e-01	2.541860e+00	1.153956e-09	3.228356e-08
-1.103999999999980e-01	2.541842e+00	1.168986e-09	3.226856e-08
-1.099999999999980e-01	2.541824e+00	1.184199e-09	3.225337e-08
-1.095999999999980e-01	2.541805e+00	1.199596e-09	3.223800e-08
-1.091999999999980e-01	2.541786e+00	1.215179e-09	3.222244e-08
-1.087999999999980e-01	2.541768e+00	1.230949e-09	3.220670e-08
-1.083999999999980e-01	2.541748e+00	1.246910e-09	3.219077e-08
-1.079999999999980e-01	2.541729e+00	1.263063e-09	3.217464e-08
-1.075999999999980e-01	2.541709e+00	1.279409e-09	3.215832e-08
-1.071999999999980e-01	2.541689e+00	1.295950e-09	3.214181e-08
-1.067999999999980e-01	2.541669e+00	1.312689e-09	3.212509e-08
-1.063999999999980e-01	2.541649e+00	1.329627e-09	3.210819e-08
-1.059999999999980e-01	2.541628e+00	1.346767e-09	3.209107e-08
-1.055999999999980e-01	2.541607e+00	1.364110e-09	3.207376e-08
-1.051999999999980e-01	2.541586e+00	1.381658e-09	3.205624e-08
-1.047999999999980e-01	2.541565e+00	1.399413e-09	3.203851e-08
-1.043999999999980e-01	2.541543e+00	1.417377e-09	3.202058e-08
-1.039999999999980e-01	2.541521e+00	1.435553e-09	3.200244e-08
-1.035999999999980e-01	2.541499e+00	1.453941e-09	3.198408e-08
-1.031999999999980e-01	2.541477e+00	1.472545e-09	3.196551e-08
-1.027999999999980e-01	2.541454e+00	1.491366e-09	3.194672e-08
-1.023999999999980e-01	2.541431e+00	1.510405e-09	3.192771e-08
-1.019999999999980e-01	2.541408e+00	1.529666e-09	3.190848e-08
-1.015999999999980e-01	2.541384e+00	1.549150e-09	3.188903e-08
-1.011999999999980e-01	2.541360e+00	1.568859e-09	3.186935e-08
-1.007999999999980e-01	2.541336e+00	1.588795e-09	3.184945e-08
-1.003999999999980e-01	2.541312e+00	1.608960e-09	3.182932e-08
-9.999999999999802e-02	2.541287e+00	1.629356e-09	3.180896e-08
-9.959999999999802e-02	2.541262e+00	1.649986e-09	3.178836e-08
-9.919999999999803e-02	2.541237e+00	1.670851e-09	3.176753e-08
-9.879999999999803e-02	2.541211e+00	1.691953e-09	3.174647e-08
-9.839999999999803e-02	2.541185e+00	1.713295e-09	3.172516e-08
-9.799999999999803e-02	2.541159e+00	1.734878e-09	3.170361e-08
-9.759999999999804e-02	2.541133e+00	1.756704e-09	3.168182e-08
-9.719999999999804e-02	2.541106e+00	1.778776e-09	3.165979e-08
-9.679999999999804e-02	2.541079e+00	1.801096e-09	3.163751e-08
-9.639999999999804e-02	2.541051e+00	1.823665e-09	3.161497e-08
-9.599999999999805e-02	2.541023e+00	1.846487e-09	3.159219e-08
-9.559999999999805e-02	2.540995e+00	1.869562e-09	3.156916e-08
-9.519999999999805e-02	2.540967e+00	1.892892e-09	3.154587e-08
-9.479999999999805e-02	2.540938e+00	1.916481e-09	3.152232e-08
-9.439999999999805e-02	2.540909e+00	1.940330e-09	3.149851e-08
-9.399999999999806e-02	2.540880e+00	1.964441e-09	3.147444e-08
-9.359999999999806e-02	2.540850e+00	1.988816e-09	3.145010e-08
-9.319999999999806e-02	2.540820e+00	2.013457e-09	3.142550e-08
-9.279999999999806e-02	2.540789e+00	2.038367e-09	3.140063e-08
-9.239999999999807e-02	2.540759e+00	2.063547e-09	3.137550e-08
-9.199999999999807e-02	2.540727e+00	2.089000e-09	3.135009e-08
-9.159999999999807e-02	2.540696e+00	2.114726e-09	3.132441e-08
-9.119999999999807e-02	2.540664e+00	2.140730e-09	3.129845e-08
-9.079999999999808e-02	2.540632e+00	2.167012e-09	3.127221e-08
-9.039999999999808e-02	2.540599e+00	2.193575e-09	3.124569e-08
-8.999999999999808e-02	2.540566e+00	2.220420e-09	3.121889e-08
-8.959999999999808e-02	2.540533e+00	2.247550e-09	3.119181e-08
-8.919999999999809e-02	2.540499e+00	2.274967e-09	3.116444e-08
-8.879999999999809e-02	2.540465e+00	2.302673e-09	3.113678e-08
-8.839999999999809e-02	2.540431e+00	2.330670e-09	3.110883e-08
-8.799999999999809e-02	2.540396e+00	2.358959e-09	3.108059e-08
-8.759999999999810e-02	2.540360e+00	2.387543e-09	3.105205e-08
-8.719999999999810e-02	2.540325e+00	2.416424e-09	3.102322e-08
-8.679999999999810e-02	2.540289e+00	2.445604e-09	3.099409e-08
-8.639999999999810e-02	2.540252e+00	2.475085e-09	3.096466e-08
-8.599999999999811e-02	2.540216e+00	2.504869e-09	3.093493e-08
-8.559999999999811e-02	2.540179e+00	2.534957e-09	3.090489e-08
-8.519999999999811e-02	2.540141e+00	2.565352e-09	3.087455e-08
-8.479999999999811e-02	2.540103e+00	2.596055e-09	3.084390e-08
-8.439999999999812e-02	2.540064e+00	2.627070e-09	3.081294e-08
-8.399999999999812e-02	2.540025e+00	2.658396e-09	3.078167e-08
-8.359999999999812e-02	2.539986e+00	2.690038e-09	3.075008e-08
-8.319999999999812e-02	2.539946e+00	2.721995e-09	3.071818e-08
-8.279999999999813e-02	2.539906e+00	2.754271e-09	3.068596e-08
-8.239999999999813e-02	2.539866e+00	2.786866e-09	3.065342e-08
-8.199999999999813e-02	2.539825e+00	2.819784e-09	3.062055e-08
-8.159999999999813e-02	2.539783e+00	2.853025e-09	3.058737e-08
-8.119999999999813e-02	2.539741e+00	2.886592e-09	3.055386e-08
-8.079999999999814e-02	2.539699e+00	2.920487e-09	3.052003e-08
-8.039999999999814e-02	2.539656e+00	2.954710e-09	3.048586e-08
-7.999999999999814e-02	2.539613e+00	2.989265e-09	3.045137e-08
-7.959999999999814e-02	2.539569e+00	3.024152e-09	3.041654e-08
-7.919999999999815e-02	2.539525e+00	3.059373e-09	3.038138e-08
-7.879999999999815e-02	2.539480e+00	3.094931e-09	3.034588e-08
-7.839999999999815e-02	2.539435e+00	3.130827e-09	3.031005e-08
-7.799999999999815e-02	2.539390e+00	3.167062e-09	3.027388e-08
-7.759999999999816e-02	2.539344e+00	3.203638e-09	3.023737e-08
-7.719999999999816e-02	2.539297e+00	3.240558e-09	3.020051e-08
-7.679999999999816e-02	2.539251e+00	3.277821e-09	3.016331e-08
-7.639999999999816e-02	2.539203e+00	3.315431e-09	3.012577e-08
-7.599999999999817e-02	2.539155e+00	3.353389e-09	3.008788e-08
-7.559999999999817e-02	2.539107e+00	3.391695e-09	3.004964e-08
-7.519999999999817e-02	2.539058e+00	3.430353e-09	3.001105e-08
-7.479999999999817e-02	2.539008e+00	3.469362e-09	2.997211e-08
-7.439999999999818e-02	2.538959e+00	3.508726e-09	2.993281e-08
-7.399999999999818e-02	2.538908e+00	3.548444e-09	2.989317e-08
-7.359999999999818e-02	2.538857e+00	3.588519e-09	2.985316e-08
-7.319999999999818e-02	2.538806e+00	3.628952e-09	2.981280e-08
-7.279999999999819e-02	2.538754e+00	3.669745e-09	2.977208e-08
-7.239999999999819e-02	2.538702e+00	3.710898e-09	2.973100e-08
-7.199999999999819e-02	2.538649e+00	3.752413e-09	2.968956e-08
-7.159999999999819e-02	2.538595e+00	3.794292e-09	2.964775e-08
-7.119999999999820e-02	2.538541e+00	3.836535e-09	2.960558e-08
-7.079999999999820e-02	2.538487e+00	3.879144e-09	2.956305e-08
-7.039999999999820e-02	2.538432e+00	3.922120e-09	2.952015e-08
-6.999999999999820e-02	2.538376e+00	3.965464e-09	2.947688e-08
-6.959999999999820e-02	2.538320e+00	4.009178e-09	2.943325e-08
-6.919999999999821e-02	2.538263e+00	4.053263e-09	2.938924e-08
-6.879999999999821e-02	2.538206e+00	4.097719e-09	2.934486e-08
-6.839999999999821e-02	2.538148e+00	4.142547e-09	2.930011e-08
-6.799999999999821e-02	2.538090e+00	4.187749e-09	2.925499e-08
-6.759999999999822e-02	2.538031e+00	4.233327e-09	2.920950e-08
-6.719999999999822e-02	2.537972e+00	4.279279e-09	2.916363e-08
-6.679999999999822e-02	2.537912e+00	4.325608e-09	2.911738e-08
-6.639999999999822e-02	2.537851e+00	4.372315e-09	2.907076e-08
-6.599999999999823e-02	2.537790e+00	4.419400e-09	2.902376e-08
-6.559999999999823e-02	2.537729e+00	4.466863e-09	2.897638e-08
-6.519999999999823e-02	2.537666e+00	4.514707e-09	2.892862e-08
-6.479999999999823e-02	2.537604e+00	4.562932e-09	2.888049e-08
-6.439999999999824e-02	2.537540e+00	4.611538e-09	2.883197e-08
-6.399999999999824e-02	2.537476e+00	4.660526e-09	2.878307e-08
-6.359999999999824e-02	2.537412e+00	4.709896e-09	2.873379e-08
-6.319999999999824e-02	2.537347e+00	4.759650e-09	2.868412e-08
-6.279999999999825e-02	2.537281e+00	4.809788e-09	2.863408e-08
-6.239999999999825e-02	2.537215e+00	4.860310e-09	2.858365e-08
-6.199999999999825e-02	2.537148e+00	4.911217e-09	2.853283e-08
-6.159999999999825e-02	2.537080e+00	4.962510e-09	2.848163e-08
-6.119999999999826e-02	2.537012e+00	5.014187e-09	2.843005e-08
-6.079999999999826e-02	2.536943e+00	5.066251e-09	2.837808e-08
-6.039999999999826e-02	2.536874e+00	5.118702e-09	2.832572e-08
-5.999999999999826e-02	2.536804e+00	5.171540e-09	2.827298e-08
-5.959999999999827e-02	2.536734e+00	5.224764e-09	2.821986e-08
-5.919999999999827e-02	2.536663e+00	5.278375e-09	2.816634e-08
-5.879999999999827e-02	2.536591e+00	5.332374e-09	2.811245e-08
-5.839999999999827e-02	2.536518e+00	5.386760e-09	2.805816e-08
-5.799999999999828e-02	2.536445e+00	5.441534e-09	2.800349e-08
-5.759999999999828e-02	2.536372e+00	5.496696e-09	2.794843e-08
-5.719999999999828e-02	2.536298e+00	5.552245e-09	2.789298e-08
-5.679999999999828e-02	2.536223e+00	5.608182e-09	2.783715e-08
-5.639999999999828e-02	2.536147e+00	5.664506e-09	2.778093e-08
-5.599999999999829e-02	2.536071e+00	5.721218e-09	2.772432e-08
-5.559999999999829e-02	2.535994e+00	5.778317e-09	2.766733e-08
-5.519999999999829e-02	2.535917e+00	5.835803e-09	2.760995e-08
-5.479999999999829e-02	2.535839e+00	5.893676e-09	2.755218e-08
-5.439999999999830e-02	2.535760e+00	5.951935e-09	2.749404e-08
-5.399999999999830e-02	2.535681e+00	6.010580e-09	2.743550e-08
-5.359999999999830e-02	2.535600e+00	6.069612e-09	2.737658e-08
-5.319999999999830e-02	2.535520e+00	6.129028e-09	2.731727e-08
-5.279999999999831e-02	2.535438e+00	6.188830e-09	2.725758e-08
-5.239999999999831e-02	2.535356e+00	6.249016e-09	2.719751e-08
-5.199999999999831e-02	2.535274e+00	6.309586e-09	2.713706e-08
-5.159999999999831e-02	2.535190e+00	6.370539e-09	2.707622e-08
-5.119999999999832e-02	2.535106e+00	6.431875e-09	2.701500e-08
-5.079999999999832e-02	2.535022e+00	6.493592e-09	2.695340e-08
-5.039999999999832e-02	2.534936e+00	6.555691e-09	2.689142e-08
-4.999999999999832e-02	2.534850e+00	6.618170e-09	2.682906e-08
-4.959999999999833e-02	2.534763e+00	6.681029e-09	2.676632e-08
-4.919999999999833e-02	2.534676e+00	6.744266e-09	2.670320e-08
-4.879999999999833e-02	2.534588e+00	6.807882e-09	2.663971e-08
-4.839999999999833e-02	2.534499e+00	6.871874e-09	2.657584e-08
-4.799999999999834e-02	2.534410e+00	6.936242e-09	2.651160e-08
-4.759999999999834e-02	2.534320e+00	7.000986e-09	2.644698e-08
-4.719999999999834e-02	2.534229e+00	7.066102e-09	2.638199e-08
-4.679999999999834e-02	2.534137e+00	7.131592e-09	2.631663e-08
-4.639999999999835e-02	2.534045e+00	7.197453e-09	2.625089e-08
-4.599999999999835e-02	2.533952e+00	7.263684e-09	2.618479e-08
-4.559999999999835e-02	2.533858e+00	7.330284e-09	2.611832e-08
-4.519999999999835e-02	2.533764e+00	7.397253e-09	2.605148e-08
-4.479999999999836e-02	2.533669e+00	7.464587e-09	2.598428e-08
-4.439999999999836e-02	2.533573e+00	7.532286e-09	2.591671e-08
-4.399999999999836e-02	2.533477e+00	7.600350e-09	2.584878e-08
-4.359999999999836e-02	2.533380e+00	7.668774e-09	2.578049e-08
-4.319999999999836e-02	2.533282e+00	7.737560e-09	2.571184e-08
-4.279999999999837e-02	2.533183e+00	7.806705e-09	2.564283e-08
-4.239999999999837e-02	2.533084e+00	7.876206e-09	2.557347e-08
-4.199999999999837e-02	2.532984e+00	7.946064e-09	2.550375e-08
-4.159999999999837e-02	2.532883e+00	8.016276e-09	2.543368e-08
-4.119999999999838e-02	2.532782e+00	8.086840e-09	2.536325e-08
-4.079999999999838e-02	2.532680e+00	8.157754e-09	2.529248e-08
-4.039999999999838e-02	2.532577e+00	8.229017e-09	2.522136e-08
-3.999999999999838e-02	2.532473e+00	8.300628e-09	2.514989e-08
-3.959999999999839e-02	2.532369e+00	8.372583e-09	2.507808e-08
-3.919999999999839e-02	2.532264e+00	8.444881e-09	2.500593e-08
-3.879999999999839e-02	2.532158e+00	8.517520e-09	2.493344e-08
-3.839999999999839e-02	2.532051e+00	8.590498e-09	2.486061e-08
-3.799999999999840e-02	2.531944e+00	8.663813e-09	2.478744e-08
-3.759999999999840e-02	2.531836e+00	8.737463e-09	2.471394e-08
-3.719999999999840e-02	2.531727e+00	8.811445e-09	2.464011e-08
-3.679999999999840e-02	2.531618e+00	8.885758e-09	2.456595e-08
-3.639999999999841e-02	2.531507e+00	8.960400e-09	2.449146e-08
-3.599999999999841e-02	2.531396e+00	9.035366e-09	2.441664e-08
-3.559999999999841e-02	2.531285e+00	9.110657e-09	2.434151e-08
-3.519999999999841e-02	2.531172e+00	9.186270e-09	2.426605e-08
-3.479999999999842e-02	2.531059e+00	9.262200e-09	2.419028e-08
-3.439999999999842e-02	2.530945e+00	9.338447e-09	2.411419e-08
-3.399999999999842e-02	2.530830e+00	9.415009e-09	2.403778e-08
-3.359999999999842e-02	2.530715e+00	9.491882e-09	2.396107e-08
-3.319999999999843e-02	2.530598e+00	9.569064e-09	2.388405e-08
-3.279999999999843e-02	2.530482e+00	9.646553e-09	2.380672e-08
-3.239999999999843e-02	2.530364e+00	9.724345e-09	2.372909e-08
-3.199999999999843e-02	2.530245e+00	9.802438e-09	2.365116e-08
-3.159999999999843e-02	2.530126e+00	9.880829e-09	2.357294e-08
-3.119999999999843e-02	2.530006e+00	9.959517e-09	2.349442e-08
-3.079999999999843e-02	2.529885e+00	1.003850e-08	2.341560e-08
-3.039999999999843e-02	2.529763e+00	1.011777e-08	2.333650e-08
-2.999999999999843e-02	2.529641e+00	1.019733e-08	2.325711e-08
-2.959999999999843e-02	2.529518e+00	1.027717e-08	2.317744e-08
-2.919999999999843e-02	2.529394e+00	1.035729e-08	2.309749e-08
-2.879999999999843e-02	2.529270e+00	1.043770e-08	2.301726e-08
-2.839999999999843e-02	2.529144e+00	1.051837e-08	2.293675e-08
-2.799999999999843e-02	2.529018e+00	1.059932e-08	2.285597e-08
-2.759999999999842e-02	2.528891e+00	1.068054e-08	2.277493e-08
-2.719999999999842e-02	2.528764e+00	1.076203e-08	2.269362e-08
-2.679999999999842e-02	2.528635e+00	1.084378e-08	2.261205e-08
-2.639999999999842e-02	2.528506e+00	1.092579e-08	2.253022e-08
-2.599999999999842e-02	2.528376e+00	1.100806e-08	2.244813e-08
-2.559999999999842e-02	2.528245e+00	1.109058e-08	2.236579e-08
-2.519999999999842e-02	2.528113e+00	1.117336e-08	2.228320e-08
-2.479999999999842e-02	2.527981e+00	1.125638e-08	2.220036e-08
-2.439999999999842e-02	2.527848e+00	1.133964e-08	2.211728e-08
-2.399999999999841e-02	2.527714e+00	1.142315e-08	2.203396e-08
-2.359999999999841e-02	2.527579e+00	1.150689e-08	2.195040e-08
-2.319999999999841e-02	2.527444e+00	1.159087e-08	2.186661e-08
-2.279999999999841e-02	2.527307e+00	1.167507e-08	2.178259e-08
-2.239999999999841e-02	2.527170e+00	1.175951e-08	2.169835e-08
-2.199999999999841e-02	2.527032e+00	1.184417e-08	2.161388e-08
-2.159999999999841e-02	2.526894e+00	1.192905e-08	2.152919e-08
-2.119999999999841e-02	2.526754e+00	1.201414e-08	2.144429e-08
-2.079999999999841e-02	2.526614e+00	1.209945e-08	2.135917e-08
-2.039999999999841e-02	2.526473e+00	1.218497e-08	2.127384e-08
-1.999999999999840e-02	2.526331e+00	1.227070e-08	2.118832e-08
-1.959999999999840e-02	2.526189e+00	1.235663e-08	2.110258e-08
-1.919999999999840e-02	2.526046e+00	1.244276e-08	2.101665e-08
-1.879999999999840e-02	2.525901e+00	1.252908e-08	2.093053e-08
-1.839999999999840e-02	2.525756e+00	1.261559e-08	2.084421e-08
-1.799999999999840e-02	2.525611e+00	1.270230e-08	2.075771e-08
-1.759999999999840e-02	2.525464e+00	1.278918e-08	2.067103e-08
-1.719999999999840e-02	2.525317e+00	1.287625e-08	2.058416e-08
-1.679999999999840e-02	2.525169e+00	1.296350e-08	2.049712e-08
-1.639999999999840e-02	2.525020e+00	1.305092e-08	2.040991e-08
-1.599999999999839e-02	2.524870e+00	1.313850e-08	2.032253e-08
-1.559999999999839e-02	2.524719e+00	1.322625e-08	2.023499e-08
-1.519999999999840e-02	2.524568e+00	1.331417e-08	2.014728e-08
-1.479999999999840e-02	2.524416e+00	1.340224e-08	2.005942e-08
-1.439999999999840e-02	2.524263e+00	1.349047e-08	1.997141e-08
-1.399999999999840e-02	2.524110e+00	1.357884e-08	1.988325e-08
-1.359999999999840e-02	2.523955e+00	1.366736e-08	1.979494e-08
-1.319999999999840e-02	2.523800e+00	1.375603e-08	1.970649e-08
-1.279999999999840e-02	2.523644e+00	1.384483e-08	1.961790e-08
-1.239999999999840e-02	2.523487e+00	1.393376e-08	1.952918e-08
-1.199999999999840e-02	2.523329e+00	1.402283e-08	1.944034e-08
-1.159999999999840e-02	2.523171e+00	1.411202e-08	1.935136e-08
-1.119999999999840e-02	2.523011e+00	1.420134e-08	1.926227e-08
-1.079999999999840e-02	2.522851e+00	1.429077e-08	1.917306e-08
-1.039999999999840e-02	2.522690e+00	1.438031e-08	1.908373e-08
-9.999999999998404e-03	2.522529e+00	1.446997e-08	1.899430e-08
-9.599999999998405e-03	2.522366e+00	1.455973e-08	1.890476e-08
-9.199999999998406e-03	2.522203e+00	1.464960e-08	1.881512e-08
-8.799999999998406e-03	2.522039e+00	1.473956e-08	1.872539e-08
-8.399999999998407e-03	2.521874e+00	1.482962e-08	1.863556e-08
-7.999999999998408e-03	2.521708e+00	1.491976e-08	1.854564e-08
-7.599999999998408e-03	2.521542e+00	1.501000e-08	1.845564e-08
-7.199999999998407e-03	2.521374e+00	1.510031e-08	1.836556e-08
-6.799999999998407e-03	2.521206e+00	1.519070e-08	1.827540e-08
-6.399999999998407e-03	2.521037e+00	1.528116e-08	1.818517e-08
-5.999999999998407e-03	2.520867e+00	1.537169e-08	1.809487e-08
-5.599999999998407e-03	2.520697e+00	1.546229e-08	1.800451e-08
-5.199999999998406e-03	2.520525e+00	1.555295e-08	1.791409e-08
-4.799999999998406e-03	2.520353e+00	1.564366e-08	1.782361e-08
-4.399999999998406e-03	2.520180e+00	1.573443e-08	1.773309e-08
-3.999999999998406e-03	2.520007e+00	1.582524e-08	1.764251e-08
-3.599999999998406e-03	2.519832e+00	1.591610e-08	1.755189e-08
-3.199999999998406e-03	2.519657e+00	1.600700e-08	1.746124e-08
-2.799999999998405e-03	2.519480e+00	1.609793e-08	1.737055e-08
-2.399999999998405e-03	2.519303e+00	1.618890e-08	1.727983e-08
-1.999999999998405e-03	2.519125e+00	1.627989e-08	1.718908e-08
-1.599999999998405e-03	2.518947e+00	1.637090e-08	1.709831e-08
-1.199999999998405e-03	2.518768e+00	1.646194e-08	1.700753e-08
-7.999999999984051e-04	2.518587e+00	1.655298e-08	1.691673e-08
-3.999999999984050e-04	2.518406e+00	1.664404e-08	1.682592e-08
1.594969815943426e-15	2.518224e+00	1.673511e-08	1.673511e-08
4.000000000015950e-04	2.518042e+00	1.682617e-08	1.664429e-08
8.000000000015950e-04	2.517858e+00	1.691724e-08	1.655348e-08
1.200000000001595e-03	2.517674e+00	1.700829e-08	1.646268e-08
1.600000000001595e-03	2.517489e+00	1.709934e-08	1.637189e-08
2.000000000001595e-03	2.517303e+00	1.719037e-08	1.628112e-08
2.400000000001595e-03	2.517116e+00	1.728138e-08	1.619036e-08
2.800000000001595e-03	2.516929e+00	1.737237e-08	1.609964e-08
3.200000000001596e-03	2.516741e+00	1.746333e-08	1.600893e-08
3.600000000001596e-03	2.516551e+00	1.755425e-08	1.591827e-08
4.000000000001596e-03	2.516361e+00	1.764515e-08	1.582764e-08
4.400000000001596e-03	2.516171e+00	1.773600e-08	1.573705e-08
4.800000000001596e-03	2.515979e+00	1.782680e-08	1.564651e-08
5.200000000001597e-03	2.515787e+00	1.791756e-08	1.555602e-08
5.600000000001597e-03	2.515594e+00	1.800827e-08	1.546558e-08
6.000000000001597e-03	2.515400e+00	1.809892e-08	1.537520e-08
6.400000000001597e-03	2.515205e+00	1.818950e-08	1.528488e-08
6.800000000001597e-03	2.515010e+00	1.828002e-08	1.519463e-08
7.200000000001597e-03	2.514813e+00	1.837048e-08	1.510445e-08
7.600000000001598e-03	2.514616e+00	1.846085e-08	1.501434e-08
8.000000000001598e-03	2.514418e+00	1.855115e-08	1.492431e-08
8.400000000001597e-03	2.514219e+00	1.864137e-08	1.483437e-08
8.800000000001596e-03	2.514020e+00	1.873150e-08	1.474451e-08
9.200000000001596e-03	2.513819e+00	1.882155e-08	1.465475e-08
9.600000000001595e-03	2.513618e+00	1.891149e-08	1.456508e-08
1.000000000000159e-02	2.513416e+00	1.900134e-08	1.447551e-08
1.040000000000159e-02	2.513213e+00	1.909109e-08	1.438604e-08
1.080000000000159e-02	2.513010e+00	1.918073e-08	1.429669e-08
1.120000000000159e-02	2.512805e+00	1.927025e-08	1.420744e-08
1.160000000000159e-02	2.512600e+00	1.935967e-08	1.411831e-08
1.200000000000159e-02	2.512394e+00	1.944897e-08	1.402930e-08
1.240000000000159e-02	2.512187e+00	1.953814e-08	1.394041e-08
1.280000000000159e-02	2.511980e+00	1.962718e-08	1.385165e-08
1.320000000000159e-02	2.511771e+00	1.971610e-08	1.376302e-08
1.360000000000159e-02	2.511562e+00	1.980488e-08	1.367453e-08
1.400000000000159e-02	2.511352e+00	1.989352e-08	1.358618e-08
1.440000000000159e-02	2.511141e+00	1.998202e-08	1.349797e-08
1.480000000000159e-02	2.510930e+00	2.007037e-08	1.340991e-08
1.520000000000159e-02	2.510717e+00	2.015858e-08	1.332200e-08
1.560000000000158e-02	2.510504e+00	2.024663e-08	1.323424e-08
1.600000000000159e-02	2.510290e+00	2.033452e-08	1.314665e-08
1.640000000000159e-02	2.510075e+00	2.042224e-08	1.305921e-08
1.680000000000159e-02	2.509860e+00	2.050981e-08	1.297195e-08
1.720000000000159e-02	2.509643e+00	2.059720e-08	1.288485e-08
1.760000000000159e-02	2.509426e+00	2.068442e-08	1.279793e-08
1.800000000000159e-02	2.509208e+00	2.077146e-08	1.271119e-08
1.840000000000159e-02	2.508989e+00	2.085832e-08	1.262463e-08
1.880000000000159e-02	2.508770e+00	2.094500e-08	1.253826e-08
1.920000000000159e-02	2.508549e+00	2.103149e-08	1.245207e-08
1.960000000000160e-02	2.508328e+00	2.111779e-08	1.236608e-08
2.000000000000160e-02	2.508106e+00	2.120389e-08	1.228029e-08
2.040000000000160e-02	2.507884e+00	2.128979e-08	1.219469e-08
2.080000000000160e-02	2.507660e+00	2.137549e-08	1.210930e-08
2.120000000000160e-02	2.507436e+00	2.146098e-08	1.202412e-08
2.160000000000160e-02	2.507211e+00	2.154626e-08	1.193914e-08
2.200000000000160e-02	2.506985e+00	2.163133e-08	1.185439e-08
2.240000000000160e-02	2.506758e+00	2.171618e-08	1.176985e-08
2.280000000000160e-02	2.506531e+00	2.180082e-08	1.168553e-08
2.320000000000160e-02	2.506303e+00	2.188522e-08	1.160144e-08
2.360000000000161e-02	2.506073e+00	2.196940e-08	1.151757e-08
2.400000000000161e-02	2.505844e+00	2.205335e-08	1.143394e-08
2.440000000000161e-02	2.505613e+00	2.213707e-08	1.135054e-08
2.480000000000161e-02	2.505382e+00	2.222054e-08	1.126738e-08
2.520000000000161e-02	2.505150e+00	2.230378e-08	1.118447e-08
2.560000000000161e-02	2.504917e+00	2.238677e-08	1.110180e-08
2.600000000000161e-02	2.504683e+00	2.246952e-08	1.101937e-08
2.640000000000161e-02	2.504449e+00	2.255201e-08	1.093720e-08
2.680000000000161e-02	2.504213e+00	2.263425e-08	1.085529e-08
2.720000000000162e-02	2.503977e+00	2.271623e-08	1.077363e-08
2.760000000000162e-02	2.503741e+00	2.279796e-08	1.069223e-08
2.800000000000162e-02	2.503503e+00	2.287942e-08	1.061110e-08
2.840000000000162e-02	2.503265e+00	2.296061e-08	1.053023e-08
2.880000000000162e-02	2.503026e+00	2.304153e-08	1.044964e-08
2.920000000000162e-02	2.502786e+00	2.312219e-08	1.036932e-08
2.960000000000162e-02	2.502545e+00	2.320256e-08	1.028927e-08
3.000000000000162e-02	2.502304e+00	2.328266e-08	1.020951e-08
3.040000000000162e-02	2.502061e+00	2.336248e-08	1.013002e-08
3.080000000000162e-02	2.501818e+00	2.344201e-08	1.005083e-08
3.120000000000163e-02	2.501575e+00	2.352126e-08	9.971915e-09
3.160000000000163e-02	2.501330e+00	2.360021e-08	9.893296e-09
3.200000000000162e-02	2.501085e+00	2.367888e-08	9.814970e-09
3.240000000000162e-02	2.500839e+00	2.375724e-08	9.736941e-09
3.280000000000162e-02	2.500592e+00	2.383531e-08	9.659210e-09
3.320000000000162e-02	2.500345e+00	2.391308e-08	9.581782e-09
3.360000000000161e-02	2.500097e+00	2.399055e-08	9.504657e-09
3.400000000000161e-02	2.499848e+00	2.406771e-08	9.427839e-09
3.440000000000161e-02	2.499598e+00	2.414456e-08	9.351331e-09
3.480000000000161e-02	2.499347e+00	2.422110e-08	9.275134e-09
3.520000000000161e-02	2.499096e+00	2.429733e-08	9.199253e-09
3.560000000000160e-02	2.498844e+00	2.437324e-08	9.123688e-09
3.600000000000160e-02	2.498591e+00	2.444884e-08	9.048442e-09
3.640000000000160e-02	2.498338e+00	2.452411e-08	8.973518e-09
3.680000000000160e-02	2.498084e+00	2.459906e-08	8.898918e-09
3.720000000000159e-02	2.497828e+00	2.467369e-08	8.824644e-09
3.760000000000159e-02	2.497573e+00	2.474798e-08	8.750698e-09
3.800000000000159e-02	2.497316e+00	2.482195e-08	8.677083e-09
3.840000000000159e-02	2.497059e+00	2.489559e-08	8.603801e-09
3.880000000000158e-02	2.496801e+00	2.496889e-08	8.530854e-09
3.920000000000158e-02	2.496542e+00	2.504185e-08	8.458244e-09
3.960000000000158e-02	2.496283e+00	2.511448e-08	8.385973e-09
4.000000000000158e-02	2.496023e+00	2.518677e-08	8.314043e-09
4.040000000000157e-02	2.495762e+00	2.525872e-08	8.242456e-09
4.080000000000157e-02	2.495500e+00	2.533032e-08	8.171214e-09
4.120000000000157e-02	2.495238e+00	2.540157e-08	8.100319e-09
4.160000000000157e-02	2.494975e+00	2.547248e-08	8.029772e-09
4.200000000000156e-02	2.494711e+00	2.554304e-08	7.959575e-09
4.240000000000156e-02	2.494447e+00	2.561325e-08	7.889732e-09
4.280000000000156e-02	2.494182e+00	2.568310e-08	7.820241e-09
4.320000000000156e-02	2.493916e+00	2.575261e-08	7.751106e-09
4.360000000000155e-02	2.493649e+00	2.582175e-08	7.682329e-09
4.400000000000155e-02	2.493382e+00	2.589053e-08	7.613910e-09
4.440000000000155e-02	2.493114e+00	2.595896e-08	7.545853e-09
4.480000000000155e-02	2.492845e+00	2.602703e-08	7.478156e-09
4.520000000000154e-02	2.492575e+00	2.609473e-08	7.410823e-09
4.560000000000154e-02	2.492305e+00	2.616207e-08	7.343854e-09
4.600000000000154e-02	2.492034e+00	2.622905e-08	7.277251e-09
4.640000000000154e-02	2.491763e+00	2.629566e-08	7.211016e-09
4.680000000000153e-02	2.491490e+00	2.636190e-08	7.145149e-09
4.720000000000153e-02	2.491217e+00	2.642777e-08	7.079652e-09
4.760000000000153e-02	2.490944e+00	2.649327e-08	7.014526e-09
4.800000000000153e-02	2.490669e+00	2.655840e-08	6.949772e-09
4.840000000000153e-02	2.490394e+00	2.662316e-08	6.885391e-09
4.880000000000152e-02	2.490119e+00	2.668755e-08	6.821385e-09
4.920000000000152e-02	2.489842e+00	2.675156e-08	6.757754e-09
4.960000000000152e-02	2.489565e+00	2.681519e-08	6.694499e-09
5.000000000000152e-02	2.489287e+00	2.687845e-08	6.631621e-09
5.040000000000151e-02	2.489009e+00	2.694134e-08	6.569122e-09
5.080000000000151e-02	2.488729e+00	2.700384e-08	6.507001e-09
5.120000000000151e-02	2.488450e+00	2.706597e-08	6.445260e-09
5.160000000000151e-02	2.488169e+00	2.712771e-08	6.383900e-09
5.200000000000150e-02	2.487888e+00	2.718908e-08	6.322920e-09
5.240000000000150e-02	2.487606e+00	2.725006e-08	6.262323e-09
5.280000000000150e-02	2.487324e+00	2.731067e-08	6.202108e-09
5.320000000000150e-02	2.487041e+00	2.737089e-08	6.142276e-09
5.360000000000149e-02	2.486757e+00	2.743072e-08	6.082827e-09
5.400000000000149e-02	2.486472e+00	2.749018e-08	6.023762e-09
5.440000000000149e-02	2.486187e+00	2.754925e-08	5.965082e-09
5.480000000000149e-02	2.485901e+00	2.760794e-08	5.906787e-09
5.520000000000148e-02	2.485615e+00	2.766624e-08	5.848876e-09
5.560000000000148e-02	2.485328e+00	2.772416e-08	5.791352e-09
5.600000000000148e-02	2.485040e+00	2.778170e-08	5.734213e-09
5.640000000000148e-02	2.484751e+00	2.783885e-08	5.677460e-09
5.680000000000147e-02	2.484462e+00	2.789561e-08	5.621093e-09
5.720000000000147e-02	2.484173e+00	2.795199e-08	5.565113e-09
5.760000000000147e-02	2.483883e+00	2.800798e-08	5.509519e-09
5.800000000000147e-02	2.483592e+00	2.806359e-08	5.454311e-09
5.840000000000146e-02	2.483300e+00	2.811881e-08	5.399490e-09
5.880000000000146e-02	2.483008e+00	2.817364e-08	5.345055e-09
5.920000000000146e-02	2.482715e+00	2.822810e-08	5.291007e-09
5.960000000000146e-02	2.482422e+00	2.828216e-08	5.237345e-09
6.000000000000145e-02	2.482128e+00	2.833584e-08	5.184069e-09
6.040000000000145e-02	2.481833e+00	2.838913e-08	5.131179e-09
6.080000000000145e-02	2.481538e+00	2.844204e-08	5.078674e-09
6.120000000000145e-02	2.481242e+00	2.849457e-08	5.026556e-09
6.160000000000145e-02	2.480946e+00	2.854671e-08	4.974822e-09
6.200000000000144e-02	2.480649e+00	2.859847e-08	4.923473e-09
6.240000000000144e-02	2.480351e+00	2.864984e-08	4.872508e-09
6.280000000000144e-02	2.480053e+00	2.870083e-08	4.821927e-09
6.320000000000144e-02	2.479754e+00	2.875144e-08	4.771730e-09
6.360000000000143e-02	2.479454e+00	2.880166e-08	4.721916e-09
6.400000000000143e-02	2.479154e+00	2.885150e-08	4.672484e-09
6.440000000000143e-02	2.478854e+00	2.890097e-08	4.623434e-09
6.480000000000143e-02	2.478553e+00	2.895005e-08	4.574765e-09
6.520000000000142e-02	2.478251e+00	2.899875e-08	4.526477e-09
6.560000000000142e-02	2.477948e+00	2.904707e-08	4.478568e-09
6.600000000000142e-02	2.477646e+00	2.909502e-08	4.431039e-09
6.640000000000142e-02	2.477342e+00	2.914259e-08	4.383888e-09
6.680000000000141e-02	2.477038e+00	2.918978e-08	4.337115e-09
6.720000000000141e-02	2.476733e+00	2.923659e-08	4.290718e-09
6.760000000000141e-02	2.476428e+00	2.928303e-08	4.244697e-09
6.800000000000141e-02	2.476122e+00	2.932910e-08	4.199052e-09
6.840000000000140e-02	2.475816e+00	2.937479e-08	4.153780e-09
6.880000000000140e-02	2.475509e+00	2.942011e-08	4.108881e-09
6.920000000000140e-02	2.475202e+00	2.946505e-08	4.064355e-09
6.960000000000140e-02	2.474894e+00	2.950963e-08	4.020199e-09
7.000000000000139e-02	2.474586e+00	2.955384e-08	3.976413e-09
7.040000000000139e-02	2.474277e+00	2.959768e-08	3.932997e-09
7.080000000000139e-02	2.473967e+00	2.964116e-08	3.889948e-09
7.120000000000139e-02	2.473657e+00	2.968426e-08	3.847265e-09
7.160000000000138e-02	2.473346e+00	2.972701e-08	3.804948e-09
7.200000000000138e-02	2.473035e+00	2.976939e-08	3.762995e-09
7.240000000000138e-02	2.472723e+00	2.981140e-08	3.721405e-09
7.280000000000138e-02	2.472411e+00	2.985306e-08	3.680177e-09
7.320000000000138e-02	2.472099e+00	2.989436e-08	3.639309e-09
7.360000000000137e-02	2.471785e+00	2.993529e-08	3.598800e-09
7.400000000000137e-02	2.471472e+00	2.997588e-08	3.558648e-09
7.440000000000137e-02	2.471158e+00	3.001610e-08	3.518853e-09
7.480000000000137e-02	2.470843e+00	3.005597e-08	3.479413e-09
7.520000000000136e-02	2.470527e+00	3.009549e-08	3.440326e-09
7.560000000000136e-02	2.470212e+00	3.013466e-08	3.401591e-09
7.600000000000136e-02	2.469896e+00	3.017348e-08	3.363207e-09
7.640000000000136e-02	2.469579e+00	3.021195e-08	3.325171e-09
7.680000000000135e-02	2.469262e+00	3.025007e-08	3.287483e-09
7.720000000000135e-02	2.468944e+00	3.028785e-08	3.250141e-09
7.760000000000135e-02	2.468626e+00	3.032528e-08	3.213143e-09
7.800000000000135e-02	2.468307e+00	3.036237e-08	3.176487e-09
7.840000000000134e-02	2.467988e+00	3.039912e-08	3.140173e-09
7.880000000000134e-02	2.467669e+00	3.043554e-08	3.104198e-09
7.920000000000134e-02	2.467349e+00	3.047161e-08	3.068561e-09
7.960000000000134e-02	2.467028e+00	3.050735e-08	3.033260e-09
8.000000000000133e-02	2.466707e+00	3.054276e-08	2.998293e-09
8.040000000000133e-02	2.466386e+00	3.057783e-08	2.963659e-09
8.080000000000133e-02	2.466064e+00	3.061258e-08	2.929356e-09
8.120000000000133e-02	2.465742e+00	3.064699e-08	2.895382e-09
8.160000000000132e-02	2.465419e+00	3.068108e-08	2.861735e-09
8.200000000000132e-02	2.465096e+00	3.071484e-08	2.828414e-09
8.240000000000132e-02	2.464772e+00	3.074828e-08	2.795416e-09
8.280000000000132e-02	2.464448e+00	3.078140e-08	2.762741e-09
8.320000000000131e-02	2.464123e+00	3.081420e-08	2.730385e-09
8.360000000000131e-02	2.463799e+00	3.084669e-08	2.698348e-09
8.400000000000131e-02	2.463473e+00	3.087885e-08	2.666627e-09
8.440000000000131e-02	2.463147e+00	3.091070e-08	2.635221e-09
8.480000000000130e-02	2.462821e+00	3.094224e-08	2.604127e-09
8.520000000000130e-02	2.462495e+00	3.097347e-08	2.573344e-09
8.560000000000130e-02	2.462168e+00	3.100439e-08	2.542870e-09
8.600000000000130e-02	2.461840e+00	3.103501e-08	2.512702e-09
8.640000000000130e-02	2.461512e+00	3.106532e-08	2.482840e-09
8.680000000000129e-02	2.461184e+00	3.109533e-08	2.453280e-09
8.720000000000129e-02	2.460855e+00	3.112504e-08	2.424022e-09
8.760000000000129e-02	2.460526e+00	3.115445e-08	2.395062e-09
8.800000000000129e-02	2.460197e+00	3.118356e-08	2.366400e-09
8.840000000000128e-02	2.459867e+00	3.121238e-08	2.338032e-09
8.880000000000128e-02	2.459537e+00	3.124090e-08	2.309958e-09
8.920000000000128e-02	2.459206e+00	3.126914e-08	2.282174e-09
8.960000000000128e-02	2.458875e+00	3.129709e-08	2.254680e-09
9.000000000000127e-02	2.458544e+00	3.132475e-08	2.227472e-09
9.040000000000127e-02	2.458212e+00	3.135213e-08	2.200550e-09
9.080000000000127e-02	2.457880e+00	3.137922e-08	2.173911e-09
9.120000000000127e-02	2.457547e+00	3.140603e-08	2.147552e-09
9.160000000000126e-02	2.457215e+00	3.143257e-08	2.121473e-09
9.200000000000126e-02	2.456882e+00	3.145882e-08	2.095670e-09
9.240000000000126e-02	2.456548e+00	3.148481e-08	2.070142e-09
9.280000000000126e-02	2.456214e+00	3.151052e-08	2.044886e-09
9.320000000000125e-02	2.455880e+00	3.153596e-08	2.019902e-09
9.360000000000125e-02	2.455545e+00	3.156114e-08	1.995186e-09
9.400000000000125e-02	2.455210e+00	3.158604e-08	1.970737e-09
9.440000000000125e-02	2.454875e+00	3.161069e-08	1.946552e-09
9.480000000000124e-02	2.454539e+00	3.163507e-08	1.922630e-09
9.520000000000124e-02	2.454203e+00	3.165919e-08	1.898968e-09
9.560000000000124e-02	2.453867e+00	3.168305e-08	1.875564e-09
9.600000000000124e-02	2.453530e+00	3.170666e-08	1.852417e-09
9.640000000000123e-02	2.453193e+00	3.173001e-08	1.829524e-09
9.680000000000123e-02	2.452856e+00	3.175311e-08	1.806883e-09
9.720000000000123e-02	2.452518e+00	3.177596e-08	1.784492e-09
9.760000000000123e-02	2.452181e+00	3.179857e-08	1.762350e-09
9.800000000000123e-02	2.451842e+00	3.182093e-08	1.740453e-09
9.840000000000122e-02	2.451504e+00	3.184304e-08	1.718800e-09
9.880000000000122e-02	2.451165e+00	3.186492e-08	1.697389e-09
9.920000000000122e-02	2.450826e+00	3.188655e-08	1.676218e-09
9.960000000000122e-02	2.450486e+00	3.190795e-08	1.655284e-09
1.000000000000012e-01	2.450146e+00	3.192911e-08	1.634586e-09
1.004000000000012e-01	2.449806e+00	3.195004e-08	1.614122e-09
1.008000000000012e-01	2.449466e+00	3.197074e-08	1.593890e-09
1.012000000000012e-01	2.449126e+00	3.199121e-08	1.573887e-09
1.016000000000012e-01	2.448785e+00	3.201145e-08	1.554112e-09
1.020000000000012e-01	2.448443e+00	3.203146e-08	1.534562e-09
1.024000000000012e-01	2.448102e+00	3.205125e-08	1.515236e-09
1.028000000000012e-01	2.447760e+00	3.207083e-08	1.496132e-09
1.032000000000012e-01	2.447418e+00	3.209018e-08	1.477247e-09
1.036000000000012e-01	2.447076e+00	3.210931e-08	1.458579e-09
1.040000000000012e-01	2.446733e+00	3.212823e-08	1.440128e-09
1.044000000000012e-01	2.446390e+00	3.214694e-08	1.421889e-09
1.048000000000012e-01	2.446047e+00	3.216543e-08	1.403862e-09
1.052000000000012e-01	2.445704e+00	3.218372e-08	1.386045e-09
1.056000000000012e-01	2.445360e+00	3.220180e-08	1.368436e-09
1.060000000000012e-01	2.445016e+00	3.221967e-08	1.351032e-09
1.064000000000012e-01	2.444672e+00	3.223734e-08	1.333832e-09
1.068000000000012e-01	2.444327e+00	3.225481e-08	1.316834e-09
1.072000000000012e-01	2.443983e+00	3.227208e-08	1.300036e-09
1.076000000000012e-01	2.443638e+00	3.228915e-08	1.283435e-09
1.080000000000012e-01	2.443292e+00	3.230602e-08	1.267031e-09
1.084000000000012e-01	2.442947e+00	3.232271e-08	1.250821e-09
1.088000000000012e-01	2.442601e+00	3.233919e-08	1.234803e-09
1.092000000000012e-01	2.442255e+00	3.235549e-08	1.218975e-09
1.096000000000012e-01	2.441909e+00	3.237161e-08	1.203336e-09
1.100000000000012e-01	2.441563e+00	3.238753e-08	1.187883e-09
1.104000000000011e-01	2.441216e+00	3.240327e-08	1.172615e-09
1.108000000000011e-01	2.440870e+00	3.241883e-08	1.157530e-09
1.112000000000011e-01	2.440522e+00	3.243420e-08	1.142626e-09
1.116000000000011e-01	2.440175e+00	3.244940e-08	1.127902e-09
1.120000000000011e-01	2.439828e+00	3.246442e-08	1.113355e-09
1.124000000000011e-01	2.439480e+00	3.247927e-08	1.098983e-09
1.128000000000011e-01	2.439132e+00	3.249394e-08	1.084785e-09
1.132000000000011e-01	2.438784e+00	3.250845e-08	1.070759e-09
1.136000000000011e-01	2.438436e+00	3.252277e-08	1.056903e-09
1.140000000000011e-01	2.438087e+00	3.253694e-08	1.043216e-09
1.144000000000011e-01	2.437738e+00	3.255093e-08	1.029696e-09
1.148000000000011e-01	2.437389e+00	3.256476e-08	1.016340e-09
1.152000000000011e-01	2.437040e+00	3.257843e-08	1.003148e-09
1.156000000000011e-01	2.436691e+00	3.259194e-08	9.901177e-10
1.160000000000011e-01	2.436341e+00	3.260529e-08	9.772467e-10
1.164000000000011e-01	2.435991e+00	3.261848e-08	9.645340e-10
1.168000000000011e-01	2.435642e+00	3.263151e-08	9.519778e-10
1.172000000000011e-01	2.435291e+00	3.264439e-08	9.395763e-10
1.176000000000011e-01	2.434941e+00	3.265711e-08	9.273279e-10
1.180000000000011e-01	2.434590e+00	3.266969e-08	9.152309e-10
1.184000000000011e-01	2.434240e+00	3.268211e-08	9.032838e-10
1.188000000000011e-01	2.433889e+00	3.269439e-08	8.914849e-10
1.192000000000011e-01	2.433538e+00	3.270652e-08	8.798326e-10
1.196000000000011e-01	2.433187e+00	3.271851e-08	8.683252e-10
1.200000000000011e-01	2.432835e+00	3.273035e-08	8.569613e-10
1.204000000000011e-01	2.432483e+00	3.274205e-08	8.457392e-10
1.208000000000011e-01	2.432132e+00	3.275361e-08	8.346573e-10
1.212000000000011e-01	2.431780e+00	3.276503e-08	8.237141e-10
1.216000000000011e-01	2.431428e+00	3.277632e-08	8.129081e-10
1.220000000000011e-01	2.431075e+00	3.278747e-08	8.022377e-10
1.224000000000011e-01	2.430723e+00	3.279849e-08	7.917014e-10
1.228000000000011e-01	2.430370e+00	3.280937e-08	7.812977e-10
1.232000000000011e-01	2.430017e+00	3.282012e-08	7.710252e-10
1.236000000000011e-01	2.429665e+00	3.283074e-08	7.608823e-10
1.240000000000011e-01	2.429312e+00	3.284124e-08	7.508676e-10
1.244000000000011e-01	2.428958e+00	3.285161e-08	7.409796e-10
1.248000000000011e-01	2.428605e+00	3.286185e-08	7.312169e-10
1.252000000000011e-01	2.428251e+00	3.287197e-08	7.215780e-10
1.256000000000011e-01	2.427898e+00	3.288197e-08	7.120616e-10
1.260000000000011e-01	2.427544e+00	3.289185e-08	7.026662e-10
1.264000000000011e-01	2.427190e+00	3.290161e-08	6.933905e-10
1.268000000000011e-01	2.426836e+00	3.291125e-08	6.842330e-10
1.272000000000011e-01	2.426481e+00	3.292077e-08	6.751924e-10
1.276000000000011e-01	2.426127e+00	3.293017e-08	6.662674e-10
1.280000000000011e-01	2.425772e+00	3.293947e-08	6.574565e-10
1.284000000000012e-01	2.425418e+00	3.294865e-08	6.487585e-10
1.288000000000012e-01	2.425063e+00	3.295772e-08	6.401721e-10
1.292000000000012e-01	2.424708e+00	3.296668e-08	6.316959e-10
1.296000000000012e-01	2.424353e+00	3.297553e-08	6.233286e-10
1.300000000000012e-01	2.423998e+00	3.298427e-08	6.150691e-10
1.304000000000012e-01	2.423642e+00	3.299291e-08	6.069159e-10
1.308000000000012e-01	2.423287e+00	3.300144e-08	5.988678e-10
1.312000000000012e-01	2.422931e+00	3.300987e-08	5.909237e-10
1.316000000000012e-01	2.422575e+00	3.301819e-08	5.830822e-10
1.320000000000013e-01	2.422220e+00	3.302641e-08	5.753421e-10
1.324000000000013e-01	2.421864e+00	3.303454e-08	5.677023e-10
1.328000000000013e-01	2.421508e+00	3.304256e-08	5.601615e-10
1.332000000000013e-01	2.421151e+00	3.305049e-08	5.527185e-10
1.336000000000013e-01	2.420795e+00	3.305832e-08	5.453723e-10
1.340000000000013e-01	2.420439e+00	3.306606e-08	5.381215e-10
1.344000000000013e-01	2.420082e+00	3.307370e-08	5.309651e-10
1.348000000000013e-01	2.419725e+00	3.308125e-08	5.239019e-10
1.352000000000013e-01	2.419369e+00	3.308870e-08	5.169308e-10
1.356000000000014e-01	2.419012e+00	3.309607e-08	5.100506e-10
1.360000000000014e-01	2.418654e+00	3.310334e-08	5.032604e-10
1.364000000000014e-01	2.418297e+00	3.311053e-08	4.965588e-10
1.368000000000014e-01	2.417940e+00	3.311763e-08	4.899450e-10
1.372000000000014e-01	2.417583e+00	3.312464e-08	4.834179e-10
1.376000000000014e-01	2.417225e+00	3.313157e-08	4.769762e-10
1.380000000000014e-01	2.416868e+00	3.313841e-08	4.706190e-10
1.384000000000014e-01	2.416510e+00	3.314517e-08	4.643454e-10
1.388000000000014e-01	2.416152e+00	3.315185e-08	4.581542e-10
1.392000000000015e-01	2.415795e+00	3.315845e-08	4.520444e-10
1.396000000000015e-01	2.415437e+00	3.316496e-08	4.460150e-10
1.400000000000015e-01	2.415079e+00	3.317140e-08	4.400651e-10
1.404000000000015e-01	2.414721e+00	3.317776e-08	4.341935e-10
1.408000000000015e-01	2.414362e+00	3.318404e-08	4.283995e-10
1.412000000000015e-01	2.414004e+00	3.319024e-08	4.226820e-10
1.416000000000015e-01	2.413646e+00	3.319637e-08	4.170400e-10
1.420000000000015e-01	2.413287e+00	3.320242e-08	4.114726e-10
1.424000000000016e-01	2.412928e+00	3.320840e-08	4.059789e-10
1.428000000000016e-01	2.412570e+00	3.321431e-08	4.005580e-10
1.432000000000016e-01	2.412211e+00	3.322015e-08	3.952089e-10
1.436000000000016e-01	2.411852e+00	3.322591e-08	3.899307e-10
1.440000000000016e-01	2.411493e+00	3.323161e-08	3.847226e-10
1.444000000000016e-01	2.411134e+00	3.323724e-08	3.795837e-10
1.448000000000016e-01	2.410775e+00	3.324279e-08	3.745130e-10
1.452000000000016e-01	2.410416e+00	3.324828e-08	3.695098e-10
1.456000000000016e-01	2.410057e+00	3.325371e-08	3.645732e-10
1.460000000000017e-01	2.409697e+00	3.325907e-08	3.597023e-10
1.464000000000017e-01	2.409338e+00	3.326436e-08	3.548964e-10
1.468000000000017e-01	2.408978e+00	3.326959e-08	3.501545e-10
1.472000000000017e-01	2.408619e+00	3.327476e-08	3.454758e-10
1.476000000000017e-01	2.408259e+00	3.327986e-08	3.408597e-10
1.480000000000017e-01	2.407899e+00	3.328491e-08	3.363052e-10
1.484000000000017e-01	2.407539e+00	3.328989e-08	3.318116e-10
1.488000000000017e-01	2.407180e+00	3.329481e-08	3.273781e-10
1.492000000000017e-01	2.406820e+00	3.329967e-08	3.230039e-10
1.496000000000018e-01	2.406460e+00	3.330447e-08	3.186883e-10
1.500000000000018e-01	2.406099e+00	3.330922e-08	3.144305e-10
1.504000000000018e-01	2.405739e+00	3.331391e-08	3.102298e-10
1.508000000000018e-01	2.405379e+00	3.331854e-08	3.060855e-10
1.512000000000018e-01	2.405019e+00	3.332312e-08	3.019968e-10
1.516000000000018e-01	2.404658e+00	3.332764e-08	2.979630e-10
1.520000000000018e-01	2.404298e+00	3.333211e-08	2.939833e-10
1.524000000000018e-01	2.403937e+00	3.333653e-08	2.900572e-10
1.528000000000019e-01	2.403577e+00	3.334089e-08	2.861839e-10
1.532000000000019e-01	2.403216e+00	3.334520e-08	2.823627e-10
1.536000000000019e-01	2.402855e+00	3.334946e-08	2.785930e-10
1.540000000000019e-01	2.402495e+00	3.335366e-08	2.748740e-10
1.544000000000019e-01	2.402134e+00	3.335782e-08	2.712052e-10
1.548000000000019e-01	2.401773e+00	3.336193e-08	2.675858e-10
1.552000000000019e-01	2.401412e+00	3.336599e-08	2.640153e-10
1.556000000000019e-01	2.401051e+00	3.337000e-08	2.604930e-10
1.560000000000019e-01	2.400690e+00	3.337397e-08	2.570182e-10
1.564000000000020e-01	2.400329e+00	3.337788e-08	2.535904e-10
1.568000000000020e-01	2.399968e+00	3.338176e-08	2.502089e-10
1.572000000000020e-01	2.399606e+00	3.338558e-08	2.468731e-10
1.576000000000020e-01	2.399245e+00	3.338936e-08	2.435825e-10
1.580000000000020e-01	2.398884e+00	3.339310e-08	2.403364e-10
1.584000000000020e-01	2.398523e+00	3.339679e-08	2.371343e-10
1.588000000000020e-01	2.398161e+00	3.340044e-08	2.339755e-10
1.592000000000020e-01	2.397799e+00	3.340404e-08	2.308595e-10
1.596000000000020e-01	2.397438e+00	3.340761e-08	2.277858e-10
1.600000000000021e-01	2.397076e+00	3.341113e-08	2.247538e-10
1.604000000000021e-01	2.396715e+00	3.341461e-08	2.217629e-10
1.608000000000021e-01	2.396353e+00	3.341805e-08	2.188126e-10
1.612000000000021e-01	2.395991e+00	3.342145e-08	2.159024e-10
1.616000000000021e-01	2.395629e+00	3.342481e-08	2.130318e-10
1.620000000000021e-01	2.395268e+00	3.342813e-08	2.102001e-10
1.624000000000021e-01	2.394906e+00	3.343142e-08	2.074069e-10
1.628000000000021e-01	2.394544e+00	3.343466e-08	2.046518e-10
1.632000000000021e-01	2.394182e+00	3.343787e-08	2.019341e-10
1.636000000000022e-01	2.393820e+00	3.344104e-08	1.992534e-10
1.640000000000022e-01	2.393458e+00	3.344417e-08	1.966092e-10
1.644000000000022e-01	2.393095e+00	3.344727e-08	1.940010e-10
1.648000000000022e-01	2.392733e+00	3.345033e-08	1.914284e-10
1.652000000000022e-01	2.392371e+00	3.345336e-08	1.888908e-10
1.656000000000022e-01	2.392009e+00	3.345636e-08	1.863878e-10
1.660000000000022e-01	2.391647e+00	3.345932e-08	1.839190e-10
1.664000000000022e-01	2.391284e+00	3.346224e-08	1.814839e-10
1.668000000000023e-01	2.390922e+00	3.346513e-08	1.790820e-10
1.672000000000023e-01	2.390559e+00	3.346799e-08	1.767129e-10
1.676000000000023e-01	2.390197e+00	3.347082e-08	1.743761e-10
1.680000000000023e-01	2.389835e+00	3.347361e-08	1.720713e-10
1.684000000000023e-01	2.389472e+00	3.347638e-08	1.697979e-10
1.688000000000023e-01	2.389109e+00	3.347911e-08	1.675557e-10
1.692000000000023e-01	2.388747e+00	3.348181e-08	1.653441e-10
1.696000000000023e-01	2.388384e+00	3.348449e-08	1.631627e-10
1.700000000000023e-01	2.388021e+00	3.348713e-08	1.610113e-10
1.704000000000024e-01	2.387659e+00	3.348974e-08	1.588892e-10
1.708000000000024e-01	2.387296e+00	3.349232e-08	1.567962e-10
1.712000000000024e-01	2.386933e+00	3.349488e-08	1.547319e-10
1.716000000000024e-01	2.386570e+00	3.349740e-08	1.526959e-10
1.720000000000024e-01	2.386208e+00	3.349991e-08	1.506877e-10
1.724000000000024e-01	2.385845e+00	3.350237e-08	1.487071e-10
1.728000000000024e-01	2.385482e+00	3.350482e-08	1.467536e-10
1.732000000000024e-01	2.385119e+00	3.350724e-08	1.448269e-10
1.736000000000024e-01	2.384756e+00	3.350963e-08	1.429267e-10
1.740000000000025e-01	2.384393e+00	3.351199e-08	1.410525e-10
1.744000000000025e-01	2.384030e+00	3.351433e-08	1.392041e-10
1.748000000000025e-01	2.383667e+00	3.351665e-08	1.373810e-10
1.752000000000025e-01	2.383303e+00	3.351894e-08	1.355829e-10
1.756000000000025e-01	2.382940e+00	3.352120e-08	1.338096e-10
1.760000000000025e-01	2.382577e+00	3.352344e-08	1.320606e-10
1.764000000000025e-01	2.382214e+00	3.352566e-08	1.303356e-10
1.768000000000025e-01	2.381850e+00	3.352785e-08	1.286344e-10
1.772000000000025e-01	2.381487e+00	3.353002e-08	1.269565e-10
1.776000000000026e-01	2.381124e+00	3.353216e-08	1.253017e-10
1.780000000000026e-01	2.380761e+00	3.353428e-08	1.236697e-10
1.784000000000026e-01	2.380397e+00	3.353638e-08	1.220601e-10
1.788000000000026e-01	2.380034e+00	3.353846e-08	1.204727e-10
1.792000000000026e-01	2.379670e+00	3.354052e-08	1.189071e-10
1.796000000000026e-01	2.379307e+00	3.354256e-08	1.173631e-10
1.800000000000026e-01	2.378943e+00	3.354457e-08	1.158403e-10
1.804000000000026e-01	2.378580e+00	3.354656e-08	1.143386e-10
1.808000000000027e-01	2.378217e+00	3.354853e-08	1.128574e-10
1.812000000000027e-01	2.377853e+00	3.355049e-08	1.113967e-10
1.816000000000027e-01	2.377489e+00	3.355242e-08	1.099562e-10
1.820000000000027e-01	2.377126e+00	3.355433e-08	1.085355e-10
1.824000000000027e-01	2.376762e+00	3.355622e-08	1.071343e-10
1.828000000000027e-01	2.376398e+00	3.355809e-08	1.057525e-10
1.832000000000027e-01	2.376035e+00	3.355995e-08	1.043898e-10
1.836000000000027e-01	2.375671e+00	3.356178e-08	1.030458e-10
1.840000000000027e-01	2.375307e+00	3.356360e-08	1.017204e-10
1.844000000000028e-01	2.374943e+00	3.356540e-08	1.004133e-10
1.848000000000028e-01	2.374580e+00	3.356718e-08	9.912420e-11
1.852000000000028e-01	2.374216e+00	3.356894e-08	9.785291e-11
1.856000000000028e-01	2.373852e+00	3.357069e-08	9.659917e-11
1.860000000000028e-01	2.373488e+00	3.357241e-08	9.536275e-11
1.864000000000028e-01	2.373124e+00	3.357412e-08	9.414340e-11
1.868000000000028e-01	2.372761e+00	3.357582e-08	9.294090e-11
1.872000000000028e-01	2.372396e+00	3.357749e-08	9.175501e-11
1.876000000000028e-01	2.372033e+00	3.357916e-08	9.058550e-11
1.880000000000029e-01	2.371669e+00	3.358080e-08	8.943216e-11
1.884000000000029e-01	2.371305e+00	3.358243e-08	8.829477e-11
1.888000000000029e-01	2.370941e+00	3.358404e-08	8.717309e-11
1.892000000000029e-01	2.370577e+00	3.358564e-08	8.606692e-11
1.896000000000029e-01	2.370213e+00	3.358722e-08	8.497605e-11
1.900000000000029e-01	2.369848e+00	3.358879e-08	8.390028e-11
1.904000000000029e-01	2.369484e+00	3.359034e-08	8.283937e-11
1.908000000000029e-01	2.369120e+00	3.359187e-08	8.179316e-11
1.912000000000030e-01	2.368756e+00	3.359340e-08	8.076141e-11
1.916000000000030e-01	2.368392e+00	3.359491e-08	7.974395e-11
1.920000000000030e-01	2.368028e+00	3.359640e-08	7.874056e-11
1.924000000000030e-01	2.367664e+00	3.359788e-08	7.775107e-11
1.928000000000030e-01	2.367300e+00	3.359935e-08	7.677528e-11
1.932000000000030e-01	2.366935e+00	3.360080e-08	7.581299e-11
1.936000000000030e-01	2.366571e+00	3.360224e-08	7.486404e-11
1.940000000000030e-01	2.366207e+00	3.360367e-08	7.392823e-11
1.944000000000030e-01	2.365843e+00	3.360508e-08	7.300538e-11
1.948000000000031e-01	2.365479e+00	3.360648e-08	7.209532e-11
1.952000000000031e-01	2.365114e+00	3.360787e-08	7.119787e-11
1.956000000000031e-01	2.364750e+00	3.360925e-08	7.031285e-11
1.960000000000031e-01	2.364386e+00	3.361061e-08	6.944011e-11
1.964000000000031e-01	2.364021e+00	3.361196e-08	6.857945e-11
1.968000000000031e-01	2.363657e+00	3.361330e-08	6.773073e-11
1.972000000000031e-01	2.363292e+00	3.361463e-08	6.689378e-11
1.976000000000031e-01	2.362928e+00	3.361595e-08	6.606843e-11
1.980000000000031e-01	2.362564e+00	3.361725e-08	6.525452e-11
1.984000000000032e-01	2.362199e+00	3.361855e-08	6.445191e-11
1.988000000000032e-01	2.361835e+00	3.361983e-08	6.366043e-11
1.992000000000032e-01	2.361470e+00	3.362110e-08	6.287993e-11
1.996000000000032e-01	2.361106e+00	3.362236e-08	6.211026e-11
2.000000000000000e-01	2.360741e+00	3.362361e-08	6.135126e-11
