vdm	V(n001)	I(V1)	I(V2)	I(V3)
-2.000000000000000e-01	3.445214e+00	6.432748e-11	0.000000e+00	3.201147e-08
-1.996000000000000e-01	3.445213e+00	6.510731e-11	0.000000e+00	3.201070e-08
-1.992000000000000e-01	3.445212e+00	6.589783e-11	0.000000e+00	3.200991e-08
-1.988000000000000e-01	3.445211e+00	6.669919e-11	0.000000e+00	3.200910e-08
-1.984000000000000e-01	3.445210e+00	6.751155e-11	0.000000e+00	3.200829e-08
-1.980000000000000e-01	3.445209e+00	6.833504e-11	0.000000e+00	3.200747e-08
-1.975999999999999e-01	3.445208e+00	6.916982e-11	0.000000e+00	3.200664e-08
-1.971999999999999e-01	3.445207e+00	7.001605e-11	0.000000e+00	3.200580e-08
-1.967999999999999e-01	3.445206e+00	7.087388e-11	0.000000e+00	3.200494e-08
-1.963999999999999e-01	3.445205e+00	7.174345e-11	0.000000e+00	3.200407e-08
-1.959999999999999e-01	3.445204e+00	7.262495e-11	0.000000e+00	3.200319e-08
-1.955999999999999e-01	3.445203e+00	7.351853e-11	0.000000e+00	3.200230e-08
-1.951999999999999e-01	3.445202e+00	7.442435e-11	0.000000e+00	3.200140e-08
-1.947999999999999e-01	3.445201e+00	7.534258e-11	0.000000e+00	3.200048e-08
-1.943999999999999e-01	3.445200e+00	7.627338e-11	0.000000e+00	3.199955e-08
-1.939999999999998e-01	3.445199e+00	7.721694e-11	0.000000e+00	3.199861e-08
-1.935999999999998e-01	3.445198e+00	7.817342e-11	0.000000e+00	3.199765e-08
-1.931999999999998e-01	3.445196e+00	7.914300e-11	0.000000e+00	3.199669e-08
-1.927999999999998e-01	3.445195e+00	8.012585e-11	0.000000e+00	3.199571e-08
-1.923999999999998e-01	3.445194e+00	8.112216e-11	0.000000e+00	3.199471e-08
-1.919999999999998e-01	3.445193e+00	8.213210e-11	0.000000e+00	3.199370e-08
-1.915999999999998e-01	3.445192e+00	8.315586e-11	0.000000e+00	3.199268e-08
-1.911999999999998e-01	3.445190e+00	8.419365e-11	0.000000e+00	3.199165e-08
-1.907999999999997e-01	3.445189e+00	8.524562e-11	0.000000e+00	3.199060e-08
-1.903999999999997e-01	3.445188e+00	8.631199e-11	0.000000e+00	3.198953e-08
-1.899999999999997e-01	3.445187e+00	8.739295e-11	0.000000e+00	3.198845e-08
-1.895999999999997e-01	3.445185e+00	8.848870e-11	0.000000e+00	3.198736e-08
-1.891999999999997e-01	3.445184e+00	8.959943e-11	0.000000e+00	3.198625e-08
-1.887999999999997e-01	3.445183e+00	9.072535e-11	0.000000e+00	3.198513e-08
-1.883999999999997e-01	3.445181e+00	9.186667e-11	0.000000e+00	3.198399e-08
-1.879999999999997e-01	3.445180e+00	9.302358e-11	0.000000e+00	3.198283e-08
-1.875999999999997e-01	3.445179e+00	9.419631e-11	0.000000e+00	3.198166e-08
-1.871999999999996e-01	3.445177e+00	9.538507e-11	0.000000e+00	3.198048e-08
-1.867999999999996e-01	3.445176e+00	9.659007e-11	0.000000e+00	3.197927e-08
-1.863999999999996e-01	3.445174e+00	9.781154e-11	0.000000e+00	3.197805e-08
-1.859999999999996e-01	3.445173e+00	9.904969e-11	0.000000e+00	3.197682e-08
-1.855999999999996e-01	3.445171e+00	1.003048e-10	0.000000e+00	3.197557e-08
-1.851999999999996e-01	3.445170e+00	1.015769e-10	0.000000e+00	3.197430e-08
-1.847999999999996e-01	3.445168e+00	1.028665e-10	0.000000e+00	3.197301e-08
-1.843999999999996e-01	3.445167e+00	1.041737e-10	0.000000e+00	3.197171e-08
-1.839999999999996e-01	3.445165e+00	1.054987e-10	0.000000e+00	3.197038e-08
-1.835999999999995e-01	3.445164e+00	1.068418e-10	0.000000e+00	3.196904e-08
-1.831999999999995e-01	3.445162e+00	1.082033e-10	0.000000e+00	3.196768e-08
-1.827999999999995e-01	3.445160e+00	1.095833e-10	0.000000e+00	3.196631e-08
-1.823999999999995e-01	3.445159e+00	1.109821e-10	0.000000e+00	3.196491e-08
-1.819999999999995e-01	3.445157e+00	1.124000e-10	0.000000e+00	3.196349e-08
-1.815999999999995e-01	3.445155e+00	1.138372e-10	0.000000e+00	3.196206e-08
-1.811999999999995e-01	3.445154e+00	1.152941e-10	0.000000e+00	3.196061e-08
-1.807999999999995e-01	3.445152e+00	1.167708e-10	0.000000e+00	3.195913e-08
-1.803999999999994e-01	3.445150e+00	1.182676e-10	0.000000e+00	3.195764e-08
-1.799999999999994e-01	3.445148e+00	1.197848e-10	0.000000e+00	3.195612e-08
-1.795999999999994e-01	3.445147e+00	1.213227e-10	0.000000e+00	3.195459e-08
-1.791999999999994e-01	3.445145e+00	1.228815e-10	0.000000e+00	3.195303e-08
-1.787999999999994e-01	3.445143e+00	1.244616e-10	0.000000e+00	3.195146e-08
-1.783999999999994e-01	3.445141e+00	1.260632e-10	0.000000e+00	3.194986e-08
-1.779999999999994e-01	3.445139e+00	1.276866e-10	0.000000e+00	3.194824e-08
-1.775999999999994e-01	3.445137e+00	1.293320e-10	0.000000e+00	3.194659e-08
-1.771999999999994e-01	3.445135e+00	1.309999e-10	0.000000e+00	3.194493e-08
-1.767999999999993e-01	3.445133e+00	1.326904e-10	0.000000e+00	3.194324e-08
-1.763999999999993e-01	3.445131e+00	1.344040e-10	0.000000e+00	3.194154e-08
-1.759999999999993e-01	3.445129e+00	1.361408e-10	0.000000e+00	3.193980e-08
-1.755999999999993e-01	3.445127e+00	1.379013e-10	0.000000e+00	3.193804e-08
-1.751999999999993e-01	3.445125e+00	1.396857e-10	0.000000e+00	3.193626e-08
-1.747999999999993e-01	3.445123e+00	1.414943e-10	0.000000e+00	3.193446e-08
-1.743999999999993e-01	3.445120e+00	1.433275e-10	0.000000e+00	3.193263e-08
-1.739999999999993e-01	3.445118e+00	1.451856e-10	0.000000e+00	3.193077e-08
-1.735999999999993e-01	3.445116e+00	1.470690e-10	0.000000e+00	3.192890e-08
-1.731999999999992e-01	3.445114e+00	1.489779e-10	0.000000e+00	3.192699e-08
-1.727999999999992e-01	3.445112e+00	1.509127e-10	0.000000e+00	3.192506e-08
-1.723999999999992e-01	3.445109e+00	1.528738e-10	0.000000e+00	3.192310e-08
-1.719999999999992e-01	3.445107e+00	1.548615e-10	0.000000e+00	3.192112e-08
-1.715999999999992e-01	3.445104e+00	1.568761e-10	0.000000e+00	3.191911e-08
-1.711999999999992e-01	3.445102e+00	1.589181e-10	0.000000e+00	3.191707e-08
-1.707999999999992e-01	3.445100e+00	1.609877e-10	0.000000e+00	3.191500e-08
-1.703999999999992e-01	3.445097e+00	1.630854e-10	0.000000e+00	3.191291e-08
-1.699999999999992e-01	3.445095e+00	1.652115e-10	0.000000e+00	3.191079e-08
-1.695999999999991e-01	3.445092e+00	1.673665e-10	0.000000e+00	3.190864e-08
-1.691999999999991e-01	3.445089e+00	1.695505e-10	0.000000e+00	3.190646e-08
-1.687999999999991e-01	3.445087e+00	1.717642e-10	0.000000e+00	3.190425e-08
-1.683999999999991e-01	3.445084e+00	1.740078e-10	0.000000e+00	3.190201e-08
-1.679999999999991e-01	3.445081e+00	1.762818e-10	0.000000e+00	3.189974e-08
-1.675999999999991e-01	3.445079e+00	1.785865e-10	0.000000e+00	3.189744e-08
-1.671999999999991e-01	3.445076e+00	1.809225e-10	0.000000e+00	3.189511e-08
-1.667999999999991e-01	3.445073e+00	1.832899e-10	0.000000e+00	3.189274e-08
-1.663999999999990e-01	3.445070e+00	1.856894e-10	0.000000e+00	3.189035e-08
-1.659999999999990e-01	3.445067e+00	1.881213e-10	0.000000e+00	3.188792e-08
-1.655999999999990e-01	3.445065e+00	1.905860e-10	0.000000e+00	3.188546e-08
-1.651999999999990e-01	3.445061e+00	1.930841e-10	0.000000e+00	3.188297e-08
-1.647999999999990e-01	3.445059e+00	1.956158e-10	0.000000e+00	3.188044e-08
-1.643999999999990e-01	3.445055e+00	1.981817e-10	0.000000e+00	3.187788e-08
-1.639999999999990e-01	3.445052e+00	2.007822e-10	0.000000e+00	3.187528e-08
-1.635999999999990e-01	3.445049e+00	2.034178e-10	0.000000e+00	3.187266e-08
-1.631999999999990e-01	3.445046e+00	2.060889e-10	0.000000e+00	3.186999e-08
-1.627999999999989e-01	3.445043e+00	2.087960e-10	0.000000e+00	3.186729e-08
-1.623999999999989e-01	3.445040e+00	2.115395e-10	0.000000e+00	3.186455e-08
-1.619999999999989e-01	3.445036e+00	2.143200e-10	0.000000e+00	3.186177e-08
-1.615999999999989e-01	3.445033e+00	2.171379e-10	0.000000e+00	3.185896e-08
-1.611999999999989e-01	3.445029e+00	2.199938e-10	0.000000e+00	3.185611e-08
-1.607999999999989e-01	3.445026e+00	2.228880e-10	0.000000e+00	3.185322e-08
-1.603999999999989e-01	3.445023e+00	2.258212e-10	0.000000e+00	3.185029e-08
-1.599999999999989e-01	3.445019e+00	2.287938e-10	0.000000e+00	3.184733e-08
-1.595999999999989e-01	3.445015e+00	2.318064e-10	0.000000e+00	3.184432e-08
-1.591999999999988e-01	3.445012e+00	2.348594e-10	0.000000e+00	3.184127e-08
-1.587999999999988e-01	3.445008e+00	2.379533e-10	0.000000e+00	3.183819e-08
-1.583999999999988e-01	3.445004e+00	2.410888e-10	0.000000e+00	3.183506e-08
-1.579999999999988e-01	3.445001e+00	2.442664e-10	0.000000e+00	3.183189e-08
-1.575999999999988e-01	3.444997e+00	2.474866e-10	0.000000e+00	3.182867e-08
-1.571999999999988e-01	3.444993e+00	2.507499e-10	0.000000e+00	3.182542e-08
-1.567999999999988e-01	3.444989e+00	2.540570e-10	0.000000e+00	3.182211e-08
-1.563999999999988e-01	3.444985e+00	2.574083e-10	0.000000e+00	3.181877e-08
-1.559999999999988e-01	3.444981e+00	2.608045e-10	0.000000e+00	3.181538e-08
-1.555999999999987e-01	3.444977e+00	2.642462e-10	0.000000e+00	3.181195e-08
-1.551999999999987e-01	3.444973e+00	2.677339e-10	0.000000e+00	3.180847e-08
-1.547999999999987e-01	3.444969e+00	2.712681e-10	0.000000e+00	3.180494e-08
-1.543999999999987e-01	3.444964e+00	2.748497e-10	0.000000e+00	3.180136e-08
-1.539999999999987e-01	3.444960e+00	2.784791e-10	0.000000e+00	3.179774e-08
-1.535999999999987e-01	3.444956e+00	2.821569e-10	0.000000e+00	3.179407e-08
-1.531999999999987e-01	3.444951e+00	2.858838e-10	0.000000e+00	3.179035e-08
-1.527999999999987e-01	3.444947e+00	2.896604e-10	0.000000e+00	3.178658e-08
-1.523999999999986e-01	3.444942e+00	2.934873e-10	0.000000e+00	3.178276e-08
-1.519999999999986e-01	3.444938e+00	2.973653e-10	0.000000e+00	3.177889e-08
-1.515999999999986e-01	3.444933e+00	3.012949e-10	0.000000e+00	3.177497e-08
-1.511999999999986e-01	3.444928e+00	3.052767e-10	0.000000e+00	3.177099e-08
-1.507999999999986e-01	3.444923e+00	3.093116e-10	0.000000e+00	3.176697e-08
-1.503999999999986e-01	3.444919e+00	3.134001e-10	0.000000e+00	3.176289e-08
-1.499999999999986e-01	3.444914e+00	3.175430e-10	0.000000e+00	3.175876e-08
-1.495999999999986e-01	3.444909e+00	3.217409e-10	0.000000e+00	3.175456e-08
-1.491999999999986e-01	3.444904e+00	3.259945e-10	0.000000e+00	3.175032e-08
-1.487999999999985e-01	3.444899e+00	3.303046e-10	0.000000e+00	3.174602e-08
-1.483999999999985e-01	3.444893e+00	3.346718e-10	0.000000e+00	3.174166e-08
-1.479999999999985e-01	3.444888e+00	3.390969e-10	0.000000e+00	3.173724e-08
-1.475999999999985e-01	3.444883e+00	3.435806e-10	0.000000e+00	3.173277e-08
-1.471999999999985e-01	3.444877e+00	3.481236e-10	0.000000e+00	3.172823e-08
-1.467999999999985e-01	3.444872e+00	3.527268e-10	0.000000e+00	3.172364e-08
-1.463999999999985e-01	3.444866e+00	3.573908e-10	0.000000e+00	3.171899e-08
-1.459999999999985e-01	3.444861e+00	3.621165e-10	0.000000e+00	3.171427e-08
-1.455999999999985e-01	3.444855e+00	3.669046e-10	0.000000e+00	3.170949e-08
-1.451999999999984e-01	3.444849e+00	3.717558e-10	0.000000e+00	3.170465e-08
-1.447999999999984e-01	3.444843e+00	3.766711e-10	0.000000e+00	3.169974e-08
-1.443999999999984e-01	3.444837e+00	3.816511e-10	0.000000e+00	3.169477e-08
-1.439999999999984e-01	3.444831e+00	3.866968e-10	0.000000e+00	3.168974e-08
-1.435999999999984e-01	3.444825e+00	3.918089e-10	0.000000e+00	3.168464e-08
-1.431999999999984e-01	3.444819e+00	3.969882e-10	0.000000e+00	3.167947e-08
-1.427999999999984e-01	3.444813e+00	4.022356e-10	0.000000e+00	3.167423e-08
-1.423999999999984e-01	3.444807e+00	4.075520e-10	0.000000e+00	3.166892e-08
-1.419999999999983e-01	3.444800e+00	4.129382e-10	0.000000e+00	3.166355e-08
-1.415999999999983e-01	3.444794e+00	4.183950e-10	0.000000e+00	3.165810e-08
-1.411999999999983e-01	3.444787e+00	4.239234e-10	0.000000e+00	3.165258e-08
-1.407999999999983e-01	3.444780e+00	4.295242e-10	0.000000e+00	3.164699e-08
-1.403999999999983e-01	3.444774e+00	4.351983e-10	0.000000e+00	3.164133e-08
-1.399999999999983e-01	3.444767e+00	4.409467e-10	0.000000e+00	3.163559e-08
-1.395999999999983e-01	3.444760e+00	4.467702e-10	0.000000e+00	3.162978e-08
-1.391999999999983e-01	3.444753e+00	4.526698e-10	0.000000e+00	3.162389e-08
-1.387999999999983e-01	3.444746e+00	4.586463e-10	0.000000e+00	3.161793e-08
-1.383999999999982e-01	3.444738e+00	4.647009e-10	0.000000e+00	3.161189e-08
-1.379999999999982e-01	3.444731e+00	4.708343e-10	0.000000e+00	3.160577e-08
-1.375999999999982e-01	3.444724e+00	4.770476e-10	0.000000e+00	3.159957e-08
-1.371999999999982e-01	3.444716e+00	4.833418e-10	0.000000e+00	3.159328e-08
-1.367999999999982e-01	3.444709e+00	4.897178e-10	0.000000e+00	3.158692e-08
-1.363999999999982e-01	3.444701e+00	4.961765e-10	0.000000e+00	3.158047e-08
-1.359999999999982e-01	3.444693e+00	5.027192e-10	0.000000e+00	3.157394e-08
-1.355999999999982e-01	3.444685e+00	5.093467e-10	0.000000e+00	3.156733e-08
-1.351999999999982e-01	3.444677e+00	5.160600e-10	0.000000e+00	3.156063e-08
-1.347999999999981e-01	3.444669e+00	5.228603e-10	0.000000e+00	3.155384e-08
-1.343999999999981e-01	3.444661e+00	5.297485e-10	0.000000e+00	3.154697e-08
-1.339999999999981e-01	3.444652e+00	5.367258e-10	0.000000e+00	3.154000e-08
-1.335999999999981e-01	3.444644e+00	5.437931e-10	0.000000e+00	3.153295e-08
-1.331999999999981e-01	3.444635e+00	5.509516e-10	0.000000e+00	3.152580e-08
-1.327999999999981e-01	3.444627e+00	5.582024e-10	0.000000e+00	3.151857e-08
-1.323999999999981e-01	3.444618e+00	5.655465e-10	0.000000e+00	3.151124e-08
-1.319999999999981e-01	3.444609e+00	5.729850e-10	0.000000e+00	3.150382e-08
-1.315999999999981e-01	3.444600e+00	5.805192e-10	0.000000e+00	3.149630e-08
-1.311999999999980e-01	3.444591e+00	5.881501e-10	0.000000e+00	3.148868e-08
-1.307999999999980e-01	3.444582e+00	5.958789e-10	0.000000e+00	3.148097e-08
-1.303999999999980e-01	3.444572e+00	6.037068e-10	0.000000e+00	3.147316e-08
-1.299999999999980e-01	3.444563e+00	6.116347e-10	0.000000e+00	3.146524e-08
-1.295999999999980e-01	3.444553e+00	6.196641e-10	0.000000e+00	3.145723e-08
-1.291999999999980e-01	3.444543e+00	6.277960e-10	0.000000e+00	3.144912e-08
-1.287999999999980e-01	3.444534e+00	6.360317e-10	0.000000e+00	3.144089e-08
-1.283999999999980e-01	3.444524e+00	6.443724e-10	0.000000e+00	3.143257e-08
-1.279999999999979e-01	3.444513e+00	6.528193e-10	0.000000e+00	3.142414e-08
-1.275999999999979e-01	3.444503e+00	6.613736e-10	0.000000e+00	3.141560e-08
-1.271999999999979e-01	3.444493e+00	6.700366e-10	0.000000e+00	3.140696e-08
-1.267999999999979e-01	3.444482e+00	6.788096e-10	0.000000e+00	3.139820e-08
-1.263999999999979e-01	3.444472e+00	6.876937e-10	0.000000e+00	3.138933e-08
-1.259999999999979e-01	3.444461e+00	6.966903e-10	0.000000e+00	3.138036e-08
-1.255999999999979e-01	3.444450e+00	7.058008e-10	0.000000e+00	3.137126e-08
-1.251999999999979e-01	3.444439e+00	7.150263e-10	0.000000e+00	3.136206e-08
-1.247999999999979e-01	3.444427e+00	7.243681e-10	0.000000e+00	3.135273e-08
-1.243999999999979e-01	3.444416e+00	7.338278e-10	0.000000e+00	3.134329e-08
-1.239999999999979e-01	3.444405e+00	7.434064e-10	0.000000e+00	3.133373e-08
-1.235999999999979e-01	3.444393e+00	7.531056e-10	0.000000e+00	3.132405e-08
-1.231999999999979e-01	3.444381e+00	7.629264e-10	0.000000e+00	3.131425e-08
-1.227999999999979e-01	3.444369e+00	7.728705e-10	0.000000e+00	3.130433e-08
-1.223999999999979e-01	3.444357e+00	7.829390e-10	0.000000e+00	3.129428e-08
-1.219999999999979e-01	3.444345e+00	7.931335e-10	0.000000e+00	3.128411e-08
-1.215999999999979e-01	3.444332e+00	8.034553e-10	0.000000e+00	3.127380e-08
-1.211999999999979e-01	3.444320e+00	8.139059e-10	0.000000e+00	3.126337e-08
-1.207999999999979e-01	3.444307e+00	8.244866e-10	0.000000e+00	3.125281e-08
-1.203999999999979e-01	3.444294e+00	8.351990e-10	0.000000e+00	3.124212e-08
-1.199999999999979e-01	3.444281e+00	8.460445e-10	0.000000e+00	3.123130e-08
-1.195999999999979e-01	3.444268e+00	8.570245e-10	0.000000e+00	3.122034e-08
-1.191999999999979e-01	3.444255e+00	8.681406e-10	0.000000e+00	3.120925e-08
-1.187999999999979e-01	3.444241e+00	8.793941e-10	0.000000e+00	3.119802e-08
-1.183999999999979e-01	3.444227e+00	8.907866e-10	0.000000e+00	3.118664e-08
-1.179999999999979e-01	3.444213e+00	9.023197e-10	0.000000e+00	3.117514e-08
-1.175999999999979e-01	3.444199e+00	9.139948e-10	0.000000e+00	3.116348e-08
-1.171999999999979e-01	3.444185e+00	9.258135e-10	0.000000e+00	3.115169e-08
-1.167999999999979e-01	3.444171e+00	9.377773e-10	0.000000e+00	3.113975e-08
-1.163999999999979e-01	3.444156e+00	9.498878e-10	0.000000e+00	3.112766e-08
-1.159999999999979e-01	3.444141e+00	9.621466e-10	0.000000e+00	3.111543e-08
-1.155999999999979e-01	3.444126e+00	9.745551e-10	0.000000e+00	3.110305e-08
-1.151999999999979e-01	3.444111e+00	9.871151e-10	0.000000e+00	3.109051e-08
-1.147999999999979e-01	3.444096e+00	9.998280e-10	0.000000e+00	3.107782e-08
-1.143999999999979e-01	3.444080e+00	1.012696e-09	0.000000e+00	3.106498e-08
-1.139999999999979e-01	3.444064e+00	1.025719e-09	0.000000e+00	3.105198e-08
-1.135999999999979e-01	3.444048e+00	1.038901e-09	0.000000e+00	3.103883e-08
-1.131999999999979e-01	3.444032e+00	1.052242e-09	0.000000e+00	3.102551e-08
-1.127999999999979e-01	3.444016e+00	1.065745e-09	0.000000e+00	3.101204e-08
-1.123999999999979e-01	3.443999e+00	1.079410e-09	0.000000e+00	3.099840e-08
-1.119999999999979e-01	3.443983e+00	1.093240e-09	0.000000e+00	3.098460e-08
-1.115999999999980e-01	3.443966e+00	1.107236e-09	0.000000e+00	3.097063e-08
-1.111999999999980e-01	3.443949e+00	1.121400e-09	0.000000e+00	3.095649e-08
-1.107999999999980e-01	3.443931e+00	1.135733e-09	0.000000e+00	3.094219e-08
-1.103999999999980e-01	3.443913e+00	1.150238e-09	0.000000e+00	3.092771e-08
-1.099999999999980e-01	3.443896e+00	1.164916e-09	0.000000e+00	3.091306e-08
-1.095999999999980e-01	3.443878e+00	1.179768e-09	0.000000e+00	3.089824e-08
-1.091999999999980e-01	3.443859e+00	1.194797e-09	0.000000e+00	3.088324e-08
-1.087999999999980e-01	3.443841e+00	1.210005e-09	0.000000e+00	3.086807e-08
-1.083999999999980e-01	3.443822e+00	1.225392e-09	0.000000e+00	3.085271e-08
-1.079999999999980e-01	3.443803e+00	1.240962e-09	0.000000e+00	3.083717e-08
-1.075999999999980e-01	3.443784e+00	1.256714e-09	0.000000e+00	3.082145e-08
-1.071999999999980e-01	3.443765e+00	1.272653e-09	0.000000e+00	3.080554e-08
-1.067999999999980e-01	3.443745e+00	1.288778e-09	0.000000e+00	3.078945e-08
-1.063999999999980e-01	3.443725e+00	1.305093e-09	0.000000e+00	3.077317e-08
-1.059999999999980e-01	3.443705e+00	1.321598e-09	0.000000e+00	3.075670e-08
-1.055999999999980e-01	3.443685e+00	1.338296e-09	0.000000e+00	3.074003e-08
-1.051999999999980e-01	3.443664e+00	1.355188e-09	0.000000e+00	3.072318e-08
-1.047999999999980e-01	3.443643e+00	1.372277e-09	0.000000e+00	3.070612e-08
-1.043999999999980e-01	3.443622e+00	1.389564e-09	0.000000e+00	3.068887e-08
-1.039999999999980e-01	3.443601e+00	1.407050e-09	0.000000e+00	3.067142e-08
-1.035999999999980e-01	3.443579e+00	1.424739e-09	0.000000e+00	3.065377e-08
-1.031999999999980e-01	3.443558e+00	1.442632e-09	0.000000e+00	3.063591e-08
-1.027999999999980e-01	3.443535e+00	1.460730e-09	0.000000e+00	3.061785e-08
-1.023999999999980e-01	3.443513e+00	1.479035e-09	0.000000e+00	3.059958e-08
-1.019999999999980e-01	3.443490e+00	1.497550e-09	0.000000e+00	3.058110e-08
-1.015999999999980e-01	3.443467e+00	1.516277e-09	0.000000e+00	3.056241e-08
-1.011999999999980e-01	3.443444e+00	1.535216e-09	0.000000e+00	3.054351e-08
-1.007999999999980e-01	3.443421e+00	1.554371e-09	0.000000e+00	3.052439e-08
-1.003999999999980e-01	3.443397e+00	1.573743e-09	0.000000e+00	3.050506e-08
-9.999999999999802e-02	3.443373e+00	1.593333e-09	0.000000e+00	3.048551e-08
-9.959999999999802e-02	3.443349e+00	1.613145e-09	0.000000e+00	3.046574e-08
-9.919999999999803e-02	3.443324e+00	1.633179e-09	0.000000e+00	3.044575e-08
-9.879999999999803e-02	3.443299e+00	1.653438e-09	0.000000e+00	3.042553e-08
-9.839999999999803e-02	3.443274e+00	1.673924e-09	0.000000e+00	3.040508e-08
-9.799999999999803e-02	3.443249e+00	1.694638e-09	0.000000e+00	3.038441e-08
-9.759999999999804e-02	3.443223e+00	1.715583e-09	0.000000e+00	3.036351e-08
-9.719999999999804e-02	3.443197e+00	1.736760e-09	0.000000e+00	3.034238e-08
-9.679999999999804e-02	3.443170e+00	1.758172e-09	0.000000e+00	3.032101e-08
-9.639999999999804e-02	3.443144e+00	1.779820e-09	0.000000e+00	3.029940e-08
-9.599999999999805e-02	3.443117e+00	1.801706e-09	0.000000e+00	3.027756e-08
-9.559999999999805e-02	3.443089e+00	1.823833e-09	0.000000e+00	3.025548e-08
-9.519999999999805e-02	3.443062e+00	1.846202e-09	0.000000e+00	3.023316e-08
-9.479999999999805e-02	3.443034e+00	1.868816e-09	0.000000e+00	3.021059e-08
-9.439999999999805e-02	3.443006e+00	1.891675e-09	0.000000e+00	3.018778e-08
-9.399999999999806e-02	3.442977e+00	1.914783e-09	0.000000e+00	3.016472e-08
-9.359999999999806e-02	3.442948e+00	1.938140e-09	0.000000e+00	3.014141e-08
-9.319999999999806e-02	3.442919e+00	1.961750e-09	0.000000e+00	3.011785e-08
-9.279999999999806e-02	3.442889e+00	1.985614e-09	0.000000e+00	3.009403e-08
-9.239999999999807e-02	3.442859e+00	2.009734e-09	0.000000e+00	3.006996e-08
-9.199999999999807e-02	3.442829e+00	2.034112e-09	0.000000e+00	3.004563e-08
-9.159999999999807e-02	3.442799e+00	2.058749e-09	0.000000e+00	3.002105e-08
-9.119999999999807e-02	3.442768e+00	2.083649e-09	0.000000e+00	2.999620e-08
-9.079999999999808e-02	3.442736e+00	2.108812e-09	0.000000e+00	2.997108e-08
-9.039999999999808e-02	3.442705e+00	2.134241e-09	0.000000e+00	2.994571e-08
-8.999999999999808e-02	3.442673e+00	2.159938e-09	0.000000e+00	2.992006e-08
-8.959999999999808e-02	3.442641e+00	2.185904e-09	0.000000e+00	2.989415e-08
-8.919999999999809e-02	3.442608e+00	2.212142e-09	0.000000e+00	2.986797e-08
-8.879999999999809e-02	3.442575e+00	2.238654e-09	0.000000e+00	2.984151e-08
-8.839999999999809e-02	3.442541e+00	2.265441e-09	0.000000e+00	2.981478e-08
-8.799999999999809e-02	3.442508e+00	2.292505e-09	0.000000e+00	2.978777e-08
-8.759999999999810e-02	3.442473e+00	2.319849e-09	0.000000e+00	2.976048e-08
-8.719999999999810e-02	3.442439e+00	2.347474e-09	0.000000e+00	2.973291e-08
-8.679999999999810e-02	3.442404e+00	2.375381e-09	0.000000e+00	2.970507e-08
-8.639999999999810e-02	3.442369e+00	2.403574e-09	0.000000e+00	2.967693e-08
-8.599999999999811e-02	3.442333e+00	2.432054e-09	0.000000e+00	2.964851e-08
-8.559999999999811e-02	3.442297e+00	2.460823e-09	0.000000e+00	2.961980e-08
-8.519999999999811e-02	3.442261e+00	2.489882e-09	0.000000e+00	2.959080e-08
-8.479999999999811e-02	3.442224e+00	2.519233e-09	0.000000e+00	2.956151e-08
-8.439999999999812e-02	3.442186e+00	2.548880e-09	0.000000e+00	2.953193e-08
-8.399999999999812e-02	3.442149e+00	2.578822e-09	0.000000e+00	2.950205e-08
-8.359999999999812e-02	3.442111e+00	2.609062e-09	0.000000e+00	2.947187e-08
-8.319999999999812e-02	3.442072e+00	2.639602e-09	0.000000e+00	2.944139e-08
-8.279999999999813e-02	3.442033e+00	2.670444e-09	0.000000e+00	2.941061e-08
-8.239999999999813e-02	3.441994e+00	2.701589e-09	0.000000e+00	2.937953e-08
-8.199999999999813e-02	3.441954e+00	2.733040e-09	0.000000e+00	2.934815e-08
-8.159999999999813e-02	3.441914e+00	2.764798e-09	0.000000e+00	2.931646e-08
-8.119999999999813e-02	3.441874e+00	2.796864e-09	0.000000e+00	2.928446e-08
-8.079999999999814e-02	3.441833e+00	2.829241e-09	0.000000e+00	2.925215e-08
-8.039999999999814e-02	3.441791e+00	2.861930e-09	0.000000e+00	2.921953e-08
-7.999999999999814e-02	3.441749e+00	2.894933e-09	0.000000e+00	2.918659e-08
-7.959999999999814e-02	3.441707e+00	2.928252e-09	0.000000e+00	2.915335e-08
-7.919999999999815e-02	3.441664e+00	2.961888e-09	0.000000e+00	2.911978e-08
-7.879999999999815e-02	3.441621e+00	2.995844e-09	0.000000e+00	2.908590e-08
-7.839999999999815e-02	3.441578e+00	3.030120e-09	0.000000e+00	2.905169e-08
-7.799999999999815e-02	3.441534e+00	3.064718e-09	0.000000e+00	2.901717e-08
-7.759999999999816e-02	3.441489e+00	3.099640e-09	0.000000e+00	2.898232e-08
-7.719999999999816e-02	3.441444e+00	3.134888e-09	0.000000e+00	2.894714e-08
-7.679999999999816e-02	3.441399e+00	3.170463e-09	0.000000e+00	2.891164e-08
-7.639999999999816e-02	3.441353e+00	3.206367e-09	0.000000e+00	2.887582e-08
-7.599999999999817e-02	3.441306e+00	3.242601e-09	0.000000e+00	2.883966e-08
-7.559999999999817e-02	3.441260e+00	3.279167e-09	0.000000e+00	2.880317e-08
-7.519999999999817e-02	3.441212e+00	3.316066e-09	0.000000e+00	2.876635e-08
-7.479999999999817e-02	3.441164e+00	3.353300e-09	0.000000e+00	2.872919e-08
-7.439999999999818e-02	3.441116e+00	3.390870e-09	0.000000e+00	2.869170e-08
-7.399999999999818e-02	3.441067e+00	3.428778e-09	0.000000e+00	2.865388e-08
-7.359999999999818e-02	3.441018e+00	3.467025e-09	0.000000e+00	2.861571e-08
-7.319999999999818e-02	3.440969e+00	3.505612e-09	0.000000e+00	2.857720e-08
-7.279999999999819e-02	3.440918e+00	3.544542e-09	0.000000e+00	2.853836e-08
-7.239999999999819e-02	3.440868e+00	3.583814e-09	0.000000e+00	2.849917e-08
-7.199999999999819e-02	3.440816e+00	3.623431e-09	0.000000e+00	2.845964e-08
-7.159999999999819e-02	3.440765e+00	3.663394e-09	0.000000e+00	2.841976e-08
-7.119999999999820e-02	3.440713e+00	3.703703e-09	0.000000e+00	2.837954e-08
-7.079999999999820e-02	3.440660e+00	3.744361e-09	0.000000e+00	2.833897e-08
-7.039999999999820e-02	3.440607e+00	3.785369e-09	0.000000e+00	2.829805e-08
-6.999999999999820e-02	3.440553e+00	3.826727e-09	0.000000e+00	2.825678e-08
-6.959999999999820e-02	3.440499e+00	3.868437e-09	0.000000e+00	2.821516e-08
-6.919999999999821e-02	3.440444e+00	3.910500e-09	0.000000e+00	2.817318e-08
-6.879999999999821e-02	3.440388e+00	3.952917e-09	0.000000e+00	2.813086e-08
-6.839999999999821e-02	3.440333e+00	3.995690e-09	0.000000e+00	2.808818e-08
-6.799999999999821e-02	3.440276e+00	4.038818e-09	0.000000e+00	2.804514e-08
-6.759999999999822e-02	3.440219e+00	4.082304e-09	0.000000e+00	2.800175e-08
-6.719999999999822e-02	3.440162e+00	4.126147e-09	0.000000e+00	2.795800e-08
-6.679999999999822e-02	3.440104e+00	4.170351e-09	0.000000e+00	2.791390e-08
-6.639999999999822e-02	3.440046e+00	4.214914e-09	0.000000e+00	2.786943e-08
-6.599999999999823e-02	3.439986e+00	4.259838e-09	0.000000e+00	2.782460e-08
-6.559999999999823e-02	3.439927e+00	4.305123e-09	0.000000e+00	2.777941e-08
-6.519999999999823e-02	3.439867e+00	4.350772e-09	0.000000e+00	2.773387e-08
-6.479999999999823e-02	3.439806e+00	4.396784e-09	0.000000e+00	2.768796e-08
-6.439999999999824e-02	3.439744e+00	4.443160e-09	0.000000e+00	2.764168e-08
-6.399999999999824e-02	3.439683e+00	4.489901e-09	0.000000e+00	2.759504e-08
-6.359999999999824e-02	3.439620e+00	4.537007e-09	0.000000e+00	2.754804e-08
-6.319999999999824e-02	3.439557e+00	4.584480e-09	0.000000e+00	2.750067e-08
-6.279999999999825e-02	3.439494e+00	4.632320e-09	0.000000e+00	2.745293e-08
-6.239999999999825e-02	3.439430e+00	4.680527e-09	0.000000e+00	2.740483e-08
-6.199999999999825e-02	3.439365e+00	4.729102e-09	0.000000e+00	2.735636e-08
-6.159999999999825e-02	3.439300e+00	4.778046e-09	0.000000e+00	2.730753e-08
-6.119999999999826e-02	3.439234e+00	4.827358e-09	0.000000e+00	2.725833e-08
-6.079999999999826e-02	3.439167e+00	4.877040e-09	0.000000e+00	2.720875e-08
-6.039999999999826e-02	3.439100e+00	4.927092e-09	0.000000e+00	2.715881e-08
-5.999999999999826e-02	3.439033e+00	4.977514e-09	0.000000e+00	2.710850e-08
-5.959999999999827e-02	3.438964e+00	5.028307e-09	0.000000e+00	2.705782e-08
-5.919999999999827e-02	3.438895e+00	5.079470e-09	0.000000e+00	2.700677e-08
-5.879999999999827e-02	3.438826e+00	5.131005e-09	0.000000e+00	2.695535e-08
-5.839999999999827e-02	3.438756e+00	5.182910e-09	0.000000e+00	2.690356e-08
-5.799999999999828e-02	3.438685e+00	5.235187e-09	0.000000e+00	2.685140e-08
-5.759999999999828e-02	3.438614e+00	5.287836e-09	0.000000e+00	2.679887e-08
-5.719999999999828e-02	3.438542e+00	5.340856e-09	0.000000e+00	2.674597e-08
-5.679999999999828e-02	3.438470e+00	5.394248e-09	0.000000e+00	2.669270e-08
-5.639999999999828e-02	3.438397e+00	5.448012e-09	0.000000e+00	2.663905e-08
-5.599999999999829e-02	3.438323e+00	5.502147e-09	0.000000e+00	2.658504e-08
-5.559999999999829e-02	3.438249e+00	5.556654e-09	0.000000e+00	2.653066e-08
-5.519999999999829e-02	3.438174e+00	5.611533e-09	0.000000e+00	2.647590e-08
-5.479999999999829e-02	3.438098e+00	5.666783e-09	0.000000e+00	2.642077e-08
-5.439999999999830e-02	3.438022e+00	5.722404e-09	0.000000e+00	2.636528e-08
-5.399999999999830e-02	3.437945e+00	5.778396e-09	0.000000e+00	2.630942e-08
-5.359999999999830e-02	3.437867e+00	5.834759e-09	0.000000e+00	2.625318e-08
-5.319999999999830e-02	3.437789e+00	5.891492e-09	0.000000e+00	2.619658e-08
-5.279999999999831e-02	3.437710e+00	5.948595e-09	0.000000e+00	2.613960e-08
-5.239999999999831e-02	3.437631e+00	6.006068e-09	0.000000e+00	2.608226e-08
-5.199999999999831e-02	3.437551e+00	6.063910e-09	0.000000e+00	2.602455e-08
-5.159999999999831e-02	3.437470e+00	6.122120e-09	0.000000e+00	2.596648e-08
-5.119999999999832e-02	3.437389e+00	6.180699e-09	0.000000e+00	2.590803e-08
-5.079999999999832e-02	3.437307e+00	6.239645e-09	0.000000e+00	2.584922e-08
-5.039999999999832e-02	3.437224e+00	6.298959e-09	0.000000e+00	2.579004e-08
-4.999999999999832e-02	3.437141e+00	6.358638e-09	0.000000e+00	2.573050e-08
-4.959999999999833e-02	3.437057e+00	6.418683e-09	0.000000e+00	2.567059e-08
-4.919999999999833e-02	3.436972e+00	6.479093e-09	0.000000e+00	2.561032e-08
-4.879999999999833e-02	3.436887e+00	6.539868e-09	0.000000e+00	2.554969e-08
-4.839999999999833e-02	3.436800e+00	6.601005e-09	0.000000e+00	2.548870e-08
-4.799999999999834e-02	3.436714e+00	6.662505e-09	0.000000e+00	2.542734e-08
-4.759999999999834e-02	3.436626e+00	6.724366e-09	0.000000e+00	2.536562e-08
-4.719999999999834e-02	3.436538e+00	6.786589e-09	0.000000e+00	2.530354e-08
-4.679999999999834e-02	3.436450e+00	6.849170e-09	0.000000e+00	2.524111e-08
-4.639999999999835e-02	3.436360e+00	6.912110e-09	0.000000e+00	2.517832e-08
-4.599999999999835e-02	3.436270e+00	6.975407e-09	0.000000e+00	2.511517e-08
-4.559999999999835e-02	3.436179e+00	7.039061e-09	0.000000e+00	2.505166e-08
-4.519999999999835e-02	3.436088e+00	7.103070e-09	0.000000e+00	2.498781e-08
-4.479999999999836e-02	3.435996e+00	7.167432e-09	0.000000e+00	2.492360e-08
-4.439999999999836e-02	3.435903e+00	7.232148e-09	0.000000e+00	2.485903e-08
-4.399999999999836e-02	3.435809e+00	7.297215e-09	0.000000e+00	2.479412e-08
-4.359999999999836e-02	3.435715e+00	7.362631e-09	0.000000e+00	2.472886e-08
-4.319999999999836e-02	3.435620e+00	7.428397e-09	0.000000e+00	2.466325e-08
-4.279999999999837e-02	3.435525e+00	7.494510e-09	0.000000e+00	2.459730e-08
-4.239999999999837e-02	3.435428e+00	7.560968e-09	0.000000e+00	2.453100e-08
-4.199999999999837e-02	3.435331e+00	7.627770e-09	0.000000e+00	2.446435e-08
-4.159999999999837e-02	3.435233e+00	7.694916e-09	0.000000e+00	2.439737e-08
-4.119999999999838e-02	3.435135e+00	7.762402e-09	0.000000e+00	2.433005e-08
-4.079999999999838e-02	3.435036e+00	7.830228e-09	0.000000e+00	2.426238e-08
-4.039999999999838e-02	3.434936e+00	7.898391e-09	0.000000e+00	2.419439e-08
-3.999999999999838e-02	3.434835e+00	7.966890e-09	0.000000e+00	2.412605e-08
-3.959999999999839e-02	3.434734e+00	8.035724e-09	0.000000e+00	2.405739e-08
-3.919999999999839e-02	3.434632e+00	8.104890e-09	0.000000e+00	2.398839e-08
-3.879999999999839e-02	3.434529e+00	8.174387e-09	0.000000e+00	2.391906e-08
-3.839999999999839e-02	3.434426e+00	8.244212e-09	0.000000e+00	2.384941e-08
-3.799999999999840e-02	3.434322e+00	8.314365e-09	0.000000e+00	2.377942e-08
-3.759999999999840e-02	3.434217e+00	8.384842e-09	0.000000e+00	2.370912e-08
-3.719999999999840e-02	3.434111e+00	8.455642e-09	0.000000e+00	2.363850e-08
-3.679999999999840e-02	3.434005e+00	8.526762e-09	0.000000e+00	2.356755e-08
-3.639999999999841e-02	3.433897e+00	8.598202e-09	0.000000e+00	2.349629e-08
-3.599999999999841e-02	3.433790e+00	8.669958e-09	0.000000e+00	2.342471e-08
-3.559999999999841e-02	3.433681e+00	8.742028e-09	0.000000e+00	2.335282e-08
-3.519999999999841e-02	3.433572e+00	8.814411e-09	0.000000e+00	2.328062e-08
-3.479999999999842e-02	3.433462e+00	8.887103e-09	0.000000e+00	2.320811e-08
-3.439999999999842e-02	3.433351e+00	8.960103e-09	0.000000e+00	2.313529e-08
-3.399999999999842e-02	3.433239e+00	9.033408e-09	0.000000e+00	2.306217e-08
-3.359999999999842e-02	3.433127e+00	9.107016e-09	0.000000e+00	2.298875e-08
-3.319999999999843e-02	3.433014e+00	9.180924e-09	0.000000e+00	2.291502e-08
-3.279999999999843e-02	3.432900e+00	9.255131e-09	0.000000e+00	2.284100e-08
-3.239999999999843e-02	3.432786e+00	9.329633e-09	0.000000e+00	2.276669e-08
-3.199999999999843e-02	3.432671e+00	9.404428e-09	0.000000e+00	2.269208e-08
-3.159999999999843e-02	3.432554e+00	9.479514e-09	0.000000e+00	2.261719e-08
-3.119999999999843e-02	3.432438e+00	9.554888e-09	0.000000e+00	2.254201e-08
-3.079999999999843e-02	3.432320e+00	9.630547e-09	0.000000e+00	2.246654e-08
-3.039999999999843e-02	3.432202e+00	9.706488e-09	0.000000e+00	2.239080e-08
-2.999999999999843e-02	3.432083e+00	9.782710e-09	0.000000e+00	2.231477e-08
-2.959999999999843e-02	3.431963e+00	9.859209e-09	0.000000e+00	2.223847e-08
-2.919999999999843e-02	3.431843e+00	9.935982e-09	0.000000e+00	2.216190e-08
-2.879999999999843e-02	3.431721e+00	1.001303e-08	0.000000e+00	2.208505e-08
-2.839999999999843e-02	3.431599e+00	1.009034e-08	0.000000e+00	2.200794e-08
-2.799999999999843e-02	3.431477e+00	1.016792e-08	0.000000e+00	2.193056e-08
-2.759999999999842e-02	3.431353e+00	1.024576e-08	0.000000e+00	2.185292e-08
-2.719999999999842e-02	3.431229e+00	1.032387e-08	0.000000e+00	2.177502e-08
-2.679999999999842e-02	3.431103e+00	1.040222e-08	0.000000e+00	2.169687e-08
-2.639999999999842e-02	3.430978e+00	1.048084e-08	0.000000e+00	2.161847e-08
-2.599999999999842e-02	3.430851e+00	1.055970e-08	0.000000e+00	2.153981e-08
-2.559999999999842e-02	3.430724e+00	1.063882e-08	0.000000e+00	2.146091e-08
-2.519999999999842e-02	3.430595e+00	1.071817e-08	0.000000e+00	2.138176e-08
-2.479999999999842e-02	3.430466e+00	1.079777e-08	0.000000e+00	2.130237e-08
-2.439999999999842e-02	3.430337e+00	1.087761e-08	0.000000e+00	2.122275e-08
-2.399999999999841e-02	3.430206e+00	1.095769e-08	0.000000e+00	2.114289e-08
-2.359999999999841e-02	3.430075e+00	1.103799e-08	0.000000e+00	2.106280e-08
-2.319999999999841e-02	3.429943e+00	1.111853e-08	0.000000e+00	2.098248e-08
-2.279999999999841e-02	3.429810e+00	1.119929e-08	0.000000e+00	2.090194e-08
-2.239999999999841e-02	3.429677e+00	1.128027e-08	0.000000e+00	2.082118e-08
-2.199999999999841e-02	3.429542e+00	1.136147e-08	0.000000e+00	2.074020e-08
-2.159999999999841e-02	3.429407e+00	1.144289e-08	0.000000e+00	2.065900e-08
-2.119999999999841e-02	3.429271e+00	1.152452e-08	0.000000e+00	2.057759e-08
-2.079999999999841e-02	3.429134e+00	1.160636e-08	0.000000e+00	2.049598e-08
-2.039999999999841e-02	3.428997e+00	1.168840e-08	0.000000e+00	2.041416e-08
-1.999999999999840e-02	3.428859e+00	1.177065e-08	0.000000e+00	2.033214e-08
-1.959999999999840e-02	3.428720e+00	1.185310e-08	0.000000e+00	2.024993e-08
-1.919999999999840e-02	3.428580e+00	1.193574e-08	0.000000e+00	2.016752e-08
-1.879999999999840e-02	3.428439e+00	1.201857e-08	0.000000e+00	2.008492e-08
-1.839999999999840e-02	3.428298e+00	1.210159e-08	0.000000e+00	2.000213e-08
-1.799999999999840e-02	3.428155e+00	1.218479e-08	0.000000e+00	1.991916e-08
-1.759999999999840e-02	3.428012e+00	1.226817e-08	0.000000e+00	1.983601e-08
-1.719999999999840e-02	3.427869e+00	1.235174e-08	0.000000e+00	1.975269e-08
-1.679999999999840e-02	3.427724e+00	1.243547e-08	0.000000e+00	1.966919e-08
-1.639999999999840e-02	3.427579e+00	1.251938e-08	0.000000e+00	1.958553e-08
-1.599999999999839e-02	3.427433e+00	1.260345e-08	0.000000e+00	1.950170e-08
-1.559999999999839e-02	3.427286e+00	1.268768e-08	0.000000e+00	1.941771e-08
-1.519999999999840e-02	3.427138e+00	1.277207e-08	0.000000e+00	1.933356e-08
-1.479999999999840e-02	3.426990e+00	1.285662e-08	0.000000e+00	1.924926e-08
-1.439999999999840e-02	3.426840e+00	1.294131e-08	0.000000e+00	1.916480e-08
-1.399999999999840e-02	3.426690e+00	1.302616e-08	0.000000e+00	1.908021e-08
-1.359999999999840e-02	3.426539e+00	1.311115e-08	0.000000e+00	1.899547e-08
-1.319999999999840e-02	3.426388e+00	1.319628e-08	0.000000e+00	1.891059e-08
-1.279999999999840e-02	3.426235e+00	1.328154e-08	0.000000e+00	1.882558e-08
-1.239999999999840e-02	3.426082e+00	1.336693e-08	0.000000e+00	1.874043e-08
-1.199999999999840e-02	3.425928e+00	1.345246e-08	0.000000e+00	1.865516e-08
-1.159999999999840e-02	3.425773e+00	1.353810e-08	0.000000e+00	1.856977e-08
-1.119999999999840e-02	3.425617e+00	1.362387e-08	0.000000e+00	1.848426e-08
-1.079999999999840e-02	3.425461e+00	1.370976e-08	0.000000e+00	1.839863e-08
-1.039999999999840e-02	3.425303e+00	1.379575e-08	0.000000e+00	1.831290e-08
-9.999999999998404e-03	3.425145e+00	1.388186e-08	0.000000e+00	1.822705e-08
-9.599999999998405e-03	3.424986e+00	1.396807e-08	0.000000e+00	1.814110e-08
-9.199999999998406e-03	3.424827e+00	1.405438e-08	0.000000e+00	1.805506e-08
-8.799999999998406e-03	3.424666e+00	1.414078e-08	0.000000e+00	1.796891e-08
-8.399999999998407e-03	3.424505e+00	1.422728e-08	0.000000e+00	1.788268e-08
-7.999999999998408e-03	3.424343e+00	1.431387e-08	0.000000e+00	1.779636e-08
-7.599999999998408e-03	3.424180e+00	1.440054e-08	0.000000e+00	1.770996e-08
-7.199999999998407e-03	3.424016e+00	1.448729e-08	0.000000e+00	1.762347e-08
-6.799999999998407e-03	3.423852e+00	1.457412e-08	0.000000e+00	1.753692e-08
-6.399999999998407e-03	3.423687e+00	1.466102e-08	0.000000e+00	1.745029e-08
-5.999999999998407e-03	3.423521e+00	1.474799e-08	0.000000e+00	1.736359e-08
-5.599999999998407e-03	3.423354e+00	1.483502e-08	0.000000e+00	1.727683e-08
-5.199999999998406e-03	3.423186e+00	1.492212e-08	0.000000e+00	1.719002e-08
-4.799999999998406e-03	3.423018e+00	1.500926e-08	0.000000e+00	1.710315e-08
-4.399999999998406e-03	3.422848e+00	1.509646e-08	0.000000e+00	1.701622e-08
-3.999999999998406e-03	3.422678e+00	1.518371e-08	0.000000e+00	1.692925e-08
-3.599999999998406e-03	3.422508e+00	1.527101e-08	0.000000e+00	1.684224e-08
-3.199999999998406e-03	3.422336e+00	1.535834e-08	0.000000e+00	1.675519e-08
-2.799999999998405e-03	3.422163e+00	1.544571e-08	0.000000e+00	1.666811e-08
-2.399999999998405e-03	3.421990e+00	1.553310e-08	0.000000e+00	1.658100e-08
-1.999999999998405e-03	3.421816e+00	1.562053e-08	0.000000e+00	1.649386e-08
-1.599999999998405e-03	3.421641e+00	1.570798e-08	0.000000e+00	1.640670e-08
-1.199999999998405e-03	3.421466e+00	1.579544e-08	0.000000e+00	1.631952e-08
-7.999999999984051e-04	3.421289e+00	1.588293e-08	0.000000e+00	1.623233e-08
-3.999999999984050e-04	3.421112e+00	1.597042e-08	0.000000e+00	1.614513e-08
1.594969815943426e-15	3.420934e+00	1.605792e-08	0.000000e+00	1.605792e-08
4.000000000015950e-04	3.420755e+00	1.614542e-08	0.000000e+00	1.597071e-08
8.000000000015950e-04	3.420575e+00	1.623292e-08	0.000000e+00	1.588351e-08
1.200000000001595e-03	3.420395e+00	1.632042e-08	0.000000e+00	1.579631e-08
1.600000000001595e-03	3.420213e+00	1.640790e-08	0.000000e+00	1.570912e-08
2.000000000001595e-03	3.420031e+00	1.649537e-08	0.000000e+00	1.562195e-08
2.400000000001595e-03	3.419848e+00	1.658282e-08	0.000000e+00	1.553480e-08
2.800000000001595e-03	3.419665e+00	1.667025e-08	0.000000e+00	1.544768e-08
3.200000000001596e-03	3.419480e+00	1.675765e-08	0.000000e+00	1.536058e-08
3.600000000001596e-03	3.419295e+00	1.684502e-08	0.000000e+00	1.527351e-08
4.000000000001596e-03	3.419109e+00	1.693236e-08	0.000000e+00	1.518648e-08
4.400000000001596e-03	3.418922e+00	1.701966e-08	0.000000e+00	1.509948e-08
4.800000000001596e-03	3.418734e+00	1.710691e-08	0.000000e+00	1.501254e-08
5.200000000001597e-03	3.418545e+00	1.719412e-08	0.000000e+00	1.492564e-08
5.600000000001597e-03	3.418356e+00	1.728128e-08	0.000000e+00	1.483879e-08
6.000000000001597e-03	3.418166e+00	1.736838e-08	0.000000e+00	1.475200e-08
6.400000000001597e-03	3.417975e+00	1.745543e-08	0.000000e+00	1.466528e-08
6.800000000001597e-03	3.417783e+00	1.754240e-08	0.000000e+00	1.457861e-08
7.200000000001597e-03	3.417591e+00	1.762931e-08	0.000000e+00	1.449202e-08
7.600000000001598e-03	3.417397e+00	1.771615e-08	0.000000e+00	1.440550e-08
8.000000000001598e-03	3.417203e+00	1.780292e-08	0.000000e+00	1.431905e-08
8.400000000001597e-03	3.417008e+00	1.788960e-08	0.000000e+00	1.423269e-08
8.800000000001596e-03	3.416813e+00	1.797620e-08	0.000000e+00	1.414641e-08
9.200000000001596e-03	3.416616e+00	1.806272e-08	0.000000e+00	1.406022e-08
9.600000000001595e-03	3.416419e+00	1.814914e-08	0.000000e+00	1.397412e-08
1.000000000000159e-02	3.416220e+00	1.823546e-08	0.000000e+00	1.388812e-08
1.040000000000159e-02	3.416022e+00	1.832169e-08	0.000000e+00	1.380222e-08
1.080000000000159e-02	3.415822e+00	1.840781e-08	0.000000e+00	1.371643e-08
1.120000000000159e-02	3.415621e+00	1.849382e-08	0.000000e+00	1.363074e-08
1.160000000000159e-02	3.415420e+00	1.857973e-08	0.000000e+00	1.354517e-08
1.200000000000159e-02	3.415218e+00	1.866551e-08	0.000000e+00	1.345972e-08
1.240000000000159e-02	3.415015e+00	1.875118e-08	0.000000e+00	1.337438e-08
1.280000000000159e-02	3.414811e+00	1.883672e-08	0.000000e+00	1.328917e-08
1.320000000000159e-02	3.414607e+00	1.892214e-08	0.000000e+00	1.320409e-08
1.360000000000159e-02	3.414401e+00	1.900743e-08	0.000000e+00	1.311914e-08
1.400000000000159e-02	3.414195e+00	1.909258e-08	0.000000e+00	1.303433e-08
1.440000000000159e-02	3.413988e+00	1.917759e-08	0.000000e+00	1.294966e-08
1.480000000000159e-02	3.413781e+00	1.926246e-08	0.000000e+00	1.286513e-08
1.520000000000159e-02	3.413572e+00	1.934718e-08	0.000000e+00	1.278075e-08
1.560000000000158e-02	3.413363e+00	1.943175e-08	0.000000e+00	1.269652e-08
1.600000000000159e-02	3.413153e+00	1.951617e-08	0.000000e+00	1.261245e-08
1.640000000000159e-02	3.412942e+00	1.960043e-08	0.000000e+00	1.252854e-08
1.680000000000159e-02	3.412730e+00	1.968453e-08	0.000000e+00	1.244478e-08
1.720000000000159e-02	3.412518e+00	1.976846e-08	0.000000e+00	1.236120e-08
1.760000000000159e-02	3.412305e+00	1.985223e-08	0.000000e+00	1.227779e-08
1.800000000000159e-02	3.412091e+00	1.993582e-08	0.000000e+00	1.219454e-08
1.840000000000159e-02	3.411876e+00	2.001923e-08	0.000000e+00	1.211148e-08
1.880000000000159e-02	3.411660e+00	2.010247e-08	0.000000e+00	1.202860e-08
1.920000000000159e-02	3.411444e+00	2.018552e-08	0.000000e+00	1.194590e-08
1.960000000000160e-02	3.411227e+00	2.026839e-08	0.000000e+00	1.186339e-08
2.000000000000160e-02	3.411009e+00	2.035106e-08	0.000000e+00	1.178107e-08
2.040000000000160e-02	3.410790e+00	2.043354e-08	0.000000e+00	1.169895e-08
2.080000000000160e-02	3.410571e+00	2.051583e-08	0.000000e+00	1.161703e-08
2.120000000000160e-02	3.410350e+00	2.059791e-08	0.000000e+00	1.153531e-08
2.160000000000160e-02	3.410129e+00	2.067979e-08	0.000000e+00	1.145379e-08
2.200000000000160e-02	3.409907e+00	2.076146e-08	0.000000e+00	1.137249e-08
2.240000000000160e-02	3.409685e+00	2.084292e-08	0.000000e+00	1.129139e-08
2.280000000000160e-02	3.409461e+00	2.092416e-08	0.000000e+00	1.121052e-08
2.320000000000160e-02	3.409237e+00	2.100519e-08	0.000000e+00	1.112986e-08
2.360000000000161e-02	3.409012e+00	2.108599e-08	0.000000e+00	1.104942e-08
2.400000000000161e-02	3.408786e+00	2.116657e-08	0.000000e+00	1.096921e-08
2.440000000000161e-02	3.408560e+00	2.124692e-08	0.000000e+00	1.088923e-08
2.480000000000161e-02	3.408333e+00	2.132704e-08	0.000000e+00	1.080949e-08
2.520000000000161e-02	3.408104e+00	2.140693e-08	0.000000e+00	1.072997e-08
2.560000000000161e-02	3.407876e+00	2.148657e-08	0.000000e+00	1.065070e-08
2.600000000000161e-02	3.407646e+00	2.156598e-08	0.000000e+00	1.057167e-08
2.640000000000161e-02	3.407416e+00	2.164515e-08	0.000000e+00	1.049288e-08
2.680000000000161e-02	3.407184e+00	2.172406e-08	0.000000e+00	1.041435e-08
2.720000000000162e-02	3.406953e+00	2.180273e-08	0.000000e+00	1.033606e-08
2.760000000000162e-02	3.406720e+00	2.188114e-08	0.000000e+00	1.025803e-08
2.800000000000162e-02	3.406486e+00	2.195930e-08	0.000000e+00	1.018025e-08
2.840000000000162e-02	3.406252e+00	2.203720e-08	0.000000e+00	1.010274e-08
2.880000000000162e-02	3.406017e+00	2.211484e-08	0.000000e+00	1.002549e-08
2.920000000000162e-02	3.405782e+00	2.219221e-08	0.000000e+00	9.948500e-09
2.960000000000162e-02	3.405545e+00	2.226931e-08	0.000000e+00	9.871783e-09
3.000000000000162e-02	3.405308e+00	2.234615e-08	0.000000e+00	9.795337e-09
3.040000000000162e-02	3.405070e+00	2.242271e-08	0.000000e+00	9.719167e-09
3.080000000000162e-02	3.404831e+00	2.249899e-08	0.000000e+00	9.643273e-09
3.120000000000163e-02	3.404591e+00	2.257500e-08	0.000000e+00	9.567659e-09
3.160000000000163e-02	3.404351e+00	2.265072e-08	0.000000e+00	9.492328e-09
3.200000000000162e-02	3.404110e+00	2.272616e-08	0.000000e+00	9.417282e-09
3.240000000000162e-02	3.403868e+00	2.280132e-08	0.000000e+00	9.342524e-09
3.280000000000162e-02	3.403626e+00	2.287618e-08	0.000000e+00	9.268057e-09
3.320000000000162e-02	3.403383e+00	2.295076e-08	0.000000e+00	9.193882e-09
3.360000000000161e-02	3.403138e+00	2.302503e-08	0.000000e+00	9.120003e-09
3.400000000000161e-02	3.402894e+00	2.309902e-08	0.000000e+00	9.046421e-09
3.440000000000161e-02	3.402648e+00	2.317270e-08	0.000000e+00	8.973140e-09
3.480000000000161e-02	3.402402e+00	2.324608e-08	0.000000e+00	8.900163e-09
3.520000000000161e-02	3.402155e+00	2.331916e-08	0.000000e+00	8.827490e-09
3.560000000000160e-02	3.401907e+00	2.339193e-08	0.000000e+00	8.755125e-09
3.600000000000160e-02	3.401659e+00	2.346439e-08	0.000000e+00	8.683068e-09
3.640000000000160e-02	3.401409e+00	2.353654e-08	0.000000e+00	8.611325e-09
3.680000000000160e-02	3.401160e+00	2.360838e-08	0.000000e+00	8.539895e-09
3.720000000000159e-02	3.400909e+00	2.367990e-08	0.000000e+00	8.468782e-09
3.760000000000159e-02	3.400657e+00	2.375111e-08	0.000000e+00	8.397987e-09
3.800000000000159e-02	3.400405e+00	2.382200e-08	0.000000e+00	8.327512e-09
3.840000000000159e-02	3.400152e+00	2.389256e-08	0.000000e+00	8.257360e-09
3.880000000000158e-02	3.399899e+00	2.396281e-08	0.000000e+00	8.187532e-09
3.920000000000158e-02	3.399644e+00	2.403272e-08	0.000000e+00	8.118032e-09
3.960000000000158e-02	3.399390e+00	2.410231e-08	0.000000e+00	8.048859e-09
4.000000000000158e-02	3.399134e+00	2.417157e-08	0.000000e+00	7.980017e-09
4.040000000000157e-02	3.398877e+00	2.424050e-08	0.000000e+00	7.911506e-09
4.080000000000157e-02	3.398620e+00	2.430910e-08	0.000000e+00	7.843330e-09
4.120000000000157e-02	3.398362e+00	2.437736e-08	0.000000e+00	7.775489e-09
4.160000000000157e-02	3.398103e+00	2.444529e-08	0.000000e+00	7.707985e-09
4.200000000000156e-02	3.397844e+00	2.451288e-08	0.000000e+00	7.640820e-09
4.240000000000156e-02	3.397584e+00	2.458013e-08	0.000000e+00	7.573997e-09
4.280000000000156e-02	3.397323e+00	2.464704e-08	0.000000e+00	7.507515e-09
4.320000000000156e-02	3.397062e+00	2.471360e-08	0.000000e+00	7.441377e-09
4.360000000000155e-02	3.396800e+00	2.477982e-08	0.000000e+00	7.375584e-09
4.400000000000155e-02	3.396537e+00	2.484570e-08	0.000000e+00	7.310138e-09
4.440000000000155e-02	3.396273e+00	2.491123e-08	0.000000e+00	7.245040e-09
4.480000000000155e-02	3.396009e+00	2.497641e-08	0.000000e+00	7.180291e-09
4.520000000000154e-02	3.395744e+00	2.504124e-08	0.000000e+00	7.115894e-09
4.560000000000154e-02	3.395478e+00	2.510572e-08	0.000000e+00	7.051848e-09
4.600000000000154e-02	3.395212e+00	2.516985e-08	0.000000e+00	6.988155e-09
4.640000000000154e-02	3.394945e+00	2.523362e-08	0.000000e+00	6.924817e-09
4.680000000000153e-02	3.394677e+00	2.529704e-08	0.000000e+00	6.861835e-09
4.720000000000153e-02	3.394409e+00	2.536011e-08	0.000000e+00	6.799210e-09
4.760000000000153e-02	3.394140e+00	2.542281e-08	0.000000e+00	6.736942e-09
4.800000000000153e-02	3.393870e+00	2.548516e-08	0.000000e+00	6.675033e-09
4.840000000000153e-02	3.393600e+00	2.554715e-08	0.000000e+00	6.613484e-09
4.880000000000152e-02	3.393329e+00	2.560878e-08	0.000000e+00	6.552296e-09
4.920000000000152e-02	3.393057e+00	2.567005e-08	0.000000e+00	6.491470e-09
4.960000000000152e-02	3.392785e+00	2.573096e-08	0.000000e+00	6.431006e-09
5.000000000000152e-02	3.392511e+00	2.579151e-08	0.000000e+00	6.370905e-09
5.040000000000151e-02	3.392238e+00	2.585169e-08	0.000000e+00	6.311169e-09
5.080000000000151e-02	3.391963e+00	2.591151e-08	0.000000e+00	6.251797e-09
5.120000000000151e-02	3.391688e+00	2.597097e-08	0.000000e+00	6.192791e-09
5.160000000000151e-02	3.391412e+00	2.603006e-08	0.000000e+00	6.134151e-09
5.200000000000150e-02	3.391136e+00	2.608878e-08	0.000000e+00	6.075878e-09
5.240000000000150e-02	3.390859e+00	2.614714e-08	0.000000e+00	6.017972e-09
5.280000000000150e-02	3.390581e+00	2.620513e-08	0.000000e+00	5.960434e-09
5.320000000000150e-02	3.390303e+00	2.626276e-08	0.000000e+00	5.903265e-09
5.360000000000149e-02	3.390024e+00	2.632001e-08	0.000000e+00	5.846464e-09
5.400000000000149e-02	3.389744e+00	2.637690e-08	0.000000e+00	5.790032e-09
5.440000000000149e-02	3.389464e+00	2.643342e-08	0.000000e+00	5.733969e-09
5.480000000000149e-02	3.389183e+00	2.648957e-08	0.000000e+00	5.678277e-09
5.520000000000148e-02	3.388901e+00	2.654536e-08	0.000000e+00	5.622954e-09
5.560000000000148e-02	3.388619e+00	2.660077e-08	0.000000e+00	5.568002e-09
5.600000000000148e-02	3.388336e+00	2.665581e-08	0.000000e+00	5.513420e-09
5.640000000000148e-02	3.388053e+00	2.671049e-08	0.000000e+00	5.459209e-09
5.680000000000147e-02	3.387769e+00	2.676479e-08	0.000000e+00	5.405368e-09
5.720000000000147e-02	3.387484e+00	2.681873e-08	0.000000e+00	5.351898e-09
5.760000000000147e-02	3.387199e+00	2.687229e-08	0.000000e+00	5.298798e-09
5.800000000000147e-02	3.386913e+00	2.692548e-08	0.000000e+00	5.246070e-09
5.840000000000146e-02	3.386626e+00	2.697831e-08	0.000000e+00	5.193712e-09
5.880000000000146e-02	3.386339e+00	2.703077e-08	0.000000e+00	5.141724e-09
5.920000000000146e-02	3.386051e+00	2.708285e-08	0.000000e+00	5.090107e-09
5.960000000000146e-02	3.385763e+00	2.713457e-08	0.000000e+00	5.038860e-09
6.000000000000145e-02	3.385474e+00	2.718592e-08	0.000000e+00	4.987983e-09
6.040000000000145e-02	3.385185e+00	2.723690e-08	0.000000e+00	4.937476e-09
6.080000000000145e-02	3.384894e+00	2.728751e-08	0.000000e+00	4.887339e-09
6.120000000000145e-02	3.384604e+00	2.733775e-08	0.000000e+00	4.837569e-09
6.160000000000145e-02	3.384312e+00	2.738763e-08	0.000000e+00	4.788170e-09
6.200000000000144e-02	3.384020e+00	2.743713e-08	0.000000e+00	4.739138e-09
6.240000000000144e-02	3.383728e+00	2.748627e-08	0.000000e+00	4.690474e-09
6.280000000000144e-02	3.383435e+00	2.753505e-08	0.000000e+00	4.642178e-09
6.320000000000144e-02	3.383141e+00	2.758346e-08	0.000000e+00	4.594248e-09
6.360000000000143e-02	3.382847e+00	2.763150e-08	0.000000e+00	4.546685e-09
6.400000000000143e-02	3.382552e+00	2.767918e-08	0.000000e+00	4.499487e-09
6.440000000000143e-02	3.382257e+00	2.772649e-08	0.000000e+00	4.452655e-09
6.480000000000143e-02	3.381961e+00	2.777344e-08	0.000000e+00	4.406187e-09
6.520000000000142e-02	3.381664e+00	2.782003e-08	0.000000e+00	4.360082e-09
6.560000000000142e-02	3.381367e+00	2.786626e-08	0.000000e+00	4.314340e-09
6.600000000000142e-02	3.381070e+00	2.791212e-08	0.000000e+00	4.268961e-09
6.640000000000142e-02	3.380771e+00	2.795762e-08	0.000000e+00	4.223943e-09
6.680000000000141e-02	3.380473e+00	2.800277e-08	0.000000e+00	4.179286e-09
6.720000000000141e-02	3.380173e+00	2.804755e-08	0.000000e+00	4.134989e-09
6.760000000000141e-02	3.379874e+00	2.809198e-08	0.000000e+00	4.091050e-09
6.800000000000141e-02	3.379573e+00	2.813605e-08	0.000000e+00	4.047469e-09
6.840000000000140e-02	3.379272e+00	2.817976e-08	0.000000e+00	4.004245e-09
6.880000000000140e-02	3.378971e+00	2.822312e-08	0.000000e+00	3.961377e-09
6.920000000000140e-02	3.378669e+00	2.826613e-08	0.000000e+00	3.918864e-09
6.960000000000140e-02	3.378366e+00	2.830878e-08	0.000000e+00	3.876705e-09
7.000000000000139e-02	3.378063e+00	2.835108e-08	0.000000e+00	3.834899e-09
7.040000000000139e-02	3.377760e+00	2.839302e-08	0.000000e+00	3.793445e-09
7.080000000000139e-02	3.377456e+00	2.843463e-08	0.000000e+00	3.752341e-09
7.120000000000139e-02	3.377151e+00	2.847587e-08	0.000000e+00	3.711586e-09
7.160000000000138e-02	3.376846e+00	2.851678e-08	0.000000e+00	3.671180e-09
7.200000000000138e-02	3.376540e+00	2.855733e-08	0.000000e+00	3.631120e-09
7.240000000000138e-02	3.376234e+00	2.859755e-08	0.000000e+00	3.591407e-09
7.280000000000138e-02	3.375928e+00	2.863741e-08	0.000000e+00	3.552037e-09
7.320000000000138e-02	3.375621e+00	2.867694e-08	0.000000e+00	3.513011e-09
7.360000000000137e-02	3.375313e+00	2.871612e-08	0.000000e+00	3.474327e-09
7.400000000000137e-02	3.375005e+00	2.875497e-08	0.000000e+00	3.435984e-09
7.440000000000137e-02	3.374696e+00	2.879348e-08	0.000000e+00	3.397979e-09
7.480000000000137e-02	3.374387e+00	2.883164e-08	0.000000e+00	3.360312e-09
7.520000000000136e-02	3.374078e+00	2.886948e-08	0.000000e+00	3.322982e-09
7.560000000000136e-02	3.373767e+00	2.890698e-08	0.000000e+00	3.285987e-09
7.600000000000136e-02	3.373457e+00	2.894415e-08	0.000000e+00	3.249325e-09
7.640000000000136e-02	3.373146e+00	2.898098e-08	0.000000e+00	3.212995e-09
7.680000000000135e-02	3.372834e+00	2.901749e-08	0.000000e+00	3.176995e-09
7.720000000000135e-02	3.372523e+00	2.905367e-08	0.000000e+00	3.141324e-09
7.760000000000135e-02	3.372210e+00	2.908952e-08	0.000000e+00	3.105981e-09
7.800000000000135e-02	3.371897e+00	2.912504e-08	0.000000e+00	3.070963e-09
7.840000000000134e-02	3.371584e+00	2.916025e-08	0.000000e+00	3.036270e-09
7.880000000000134e-02	3.371270e+00	2.919513e-08	0.000000e+00	3.001899e-09
7.920000000000134e-02	3.370956e+00	2.922969e-08	0.000000e+00	2.967850e-09
7.960000000000134e-02	3.370641e+00	2.926393e-08	0.000000e+00	2.934119e-09
8.000000000000133e-02	3.370326e+00	2.929785e-08	0.000000e+00	2.900707e-09
8.040000000000133e-02	3.370011e+00	2.933146e-08	0.000000e+00	2.867610e-09
8.080000000000133e-02	3.369695e+00	2.936476e-08	0.000000e+00	2.834828e-09
8.120000000000133e-02	3.369378e+00	2.939774e-08	0.000000e+00	2.802358e-09
8.160000000000132e-02	3.369061e+00	2.943042e-08	0.000000e+00	2.770200e-09
8.200000000000132e-02	3.368744e+00	2.946278e-08	0.000000e+00	2.738350e-09
8.240000000000132e-02	3.368426e+00	2.949484e-08	0.000000e+00	2.706808e-09
8.280000000000132e-02	3.368108e+00	2.952659e-08	0.000000e+00	2.675572e-09
8.320000000000131e-02	3.367790e+00	2.955804e-08	0.000000e+00	2.644640e-09
8.360000000000131e-02	3.367471e+00	2.958919e-08	0.000000e+00	2.614009e-09
8.400000000000131e-02	3.367151e+00	2.962004e-08	0.000000e+00	2.583679e-09
8.440000000000131e-02	3.366832e+00	2.965059e-08	0.000000e+00	2.553648e-09
8.480000000000130e-02	3.366511e+00	2.968084e-08	0.000000e+00	2.523913e-09
8.520000000000130e-02	3.366191e+00	2.971080e-08	0.000000e+00	2.494473e-09
8.560000000000130e-02	3.365870e+00	2.974047e-08	0.000000e+00	2.465326e-09
8.600000000000130e-02	3.365548e+00	2.976985e-08	0.000000e+00	2.436471e-09
8.640000000000130e-02	3.365227e+00	2.979894e-08	0.000000e+00	2.407904e-09
8.680000000000129e-02	3.364904e+00	2.982774e-08	0.000000e+00	2.379625e-09
8.720000000000129e-02	3.364582e+00	2.985626e-08	0.000000e+00	2.351632e-09
8.760000000000129e-02	3.364259e+00	2.988449e-08	0.000000e+00	2.323922e-09
8.800000000000129e-02	3.363935e+00	2.991244e-08	0.000000e+00	2.296494e-09
8.840000000000128e-02	3.363612e+00	2.994012e-08	0.000000e+00	2.269346e-09
8.880000000000128e-02	3.363288e+00	2.996751e-08	0.000000e+00	2.242476e-09
8.920000000000128e-02	3.362963e+00	2.999463e-08	0.000000e+00	2.215881e-09
8.960000000000128e-02	3.362638e+00	3.002148e-08	0.000000e+00	2.189561e-09
9.000000000000127e-02	3.362313e+00	3.004806e-08	0.000000e+00	2.163514e-09
9.040000000000127e-02	3.361988e+00	3.007436e-08	0.000000e+00	2.137736e-09
9.080000000000127e-02	3.361662e+00	3.010040e-08	0.000000e+00	2.112227e-09
9.120000000000127e-02	3.361336e+00	3.012617e-08	0.000000e+00	2.086984e-09
9.160000000000126e-02	3.361009e+00	3.015168e-08	0.000000e+00	2.062006e-09
9.200000000000126e-02	3.360682e+00	3.017692e-08	0.000000e+00	2.037290e-09
9.240000000000126e-02	3.360355e+00	3.020191e-08	0.000000e+00	2.012835e-09
9.280000000000126e-02	3.360027e+00	3.022664e-08	0.000000e+00	1.988638e-09
9.320000000000125e-02	3.359699e+00	3.025111e-08	0.000000e+00	1.964698e-09
9.360000000000125e-02	3.359371e+00	3.027533e-08	0.000000e+00	1.941012e-09
9.400000000000125e-02	3.359042e+00	3.029929e-08	0.000000e+00	1.917580e-09
9.440000000000125e-02	3.358713e+00	3.032301e-08	0.000000e+00	1.894398e-09
9.480000000000124e-02	3.358384e+00	3.034648e-08	0.000000e+00	1.871465e-09
9.520000000000124e-02	3.358054e+00	3.036969e-08	0.000000e+00	1.848779e-09
9.560000000000124e-02	3.357724e+00	3.039267e-08	0.000000e+00	1.826338e-09
9.600000000000124e-02	3.357394e+00	3.041540e-08	0.000000e+00	1.804140e-09
9.640000000000123e-02	3.357063e+00	3.043790e-08	0.000000e+00	1.782183e-09
9.680000000000123e-02	3.356732e+00	3.046015e-08	0.000000e+00	1.760465e-09
9.720000000000123e-02	3.356401e+00	3.048217e-08	0.000000e+00	1.738984e-09
9.760000000000123e-02	3.356070e+00	3.050395e-08	0.000000e+00	1.717738e-09
9.800000000000123e-02	3.355738e+00	3.052550e-08	0.000000e+00	1.696725e-09
9.840000000000122e-02	3.355406e+00	3.054682e-08	0.000000e+00	1.675944e-09
9.880000000000122e-02	3.355073e+00	3.056791e-08	0.000000e+00	1.655392e-09
9.920000000000122e-02	3.354741e+00	3.058878e-08	0.000000e+00	1.635067e-09
9.960000000000122e-02	3.354408e+00	3.060941e-08	0.000000e+00	1.614968e-09
1.000000000000012e-01	3.354074e+00	3.062983e-08	0.000000e+00	1.595092e-09
1.004000000000012e-01	3.353741e+00	3.065002e-08	0.000000e+00	1.575438e-09
1.008000000000012e-01	3.353407e+00	3.067000e-08	0.000000e+00	1.556004e-09
1.012000000000012e-01	3.353073e+00	3.068975e-08	0.000000e+00	1.536787e-09
1.016000000000012e-01	3.352738e+00	3.070930e-08	0.000000e+00	1.517786e-09
1.020000000000012e-01	3.352403e+00	3.072863e-08	0.000000e+00	1.498999e-09
1.024000000000012e-01	3.352068e+00	3.074775e-08	0.000000e+00	1.480424e-09
1.028000000000012e-01	3.351733e+00	3.076665e-08	0.000000e+00	1.462060e-09
1.032000000000012e-01	3.351398e+00	3.078535e-08	0.000000e+00	1.443903e-09
1.036000000000012e-01	3.351062e+00	3.080384e-08	0.000000e+00	1.425953e-09
1.040000000000012e-01	3.350726e+00	3.082213e-08	0.000000e+00	1.408207e-09
1.044000000000012e-01	3.350389e+00	3.084022e-08	0.000000e+00	1.390664e-09
1.048000000000012e-01	3.350053e+00	3.085811e-08	0.000000e+00	1.373322e-09
1.052000000000012e-01	3.349716e+00	3.087580e-08	0.000000e+00	1.356179e-09
1.056000000000012e-01	3.349379e+00	3.089329e-08	0.000000e+00	1.339232e-09
1.060000000000012e-01	3.349042e+00	3.091058e-08	0.000000e+00	1.322481e-09
1.064000000000012e-01	3.348704e+00	3.092769e-08	0.000000e+00	1.305923e-09
1.068000000000012e-01	3.348366e+00	3.094460e-08	0.000000e+00	1.289557e-09
1.072000000000012e-01	3.348028e+00	3.096132e-08	0.000000e+00	1.273380e-09
1.076000000000012e-01	3.347690e+00	3.097786e-08	0.000000e+00	1.257392e-09
1.080000000000012e-01	3.347351e+00	3.099421e-08	0.000000e+00	1.241589e-09
1.084000000000012e-01	3.347013e+00	3.101038e-08	0.000000e+00	1.225971e-09
1.088000000000012e-01	3.346673e+00	3.102636e-08	0.000000e+00	1.210535e-09
1.092000000000012e-01	3.346334e+00	3.104216e-08	0.000000e+00	1.195280e-09
1.096000000000012e-01	3.345995e+00	3.105779e-08	0.000000e+00	1.180204e-09
1.100000000000012e-01	3.345655e+00	3.107323e-08	0.000000e+00	1.165305e-09
1.104000000000011e-01	3.345315e+00	3.108851e-08	0.000000e+00	1.150582e-09
1.108000000000011e-01	3.344975e+00	3.110361e-08	0.000000e+00	1.136032e-09
1.112000000000011e-01	3.344635e+00	3.111854e-08	0.000000e+00	1.121655e-09
1.116000000000011e-01	3.344294e+00	3.113329e-08	0.000000e+00	1.107447e-09
1.120000000000011e-01	3.343953e+00	3.114788e-08	0.000000e+00	1.093408e-09
1.124000000000011e-01	3.343612e+00	3.116230e-08	0.000000e+00	1.079537e-09
1.128000000000011e-01	3.343271e+00	3.117656e-08	0.000000e+00	1.065830e-09
1.132000000000011e-01	3.342930e+00	3.119066e-08	0.000000e+00	1.052287e-09
1.136000000000011e-01	3.342588e+00	3.120459e-08	0.000000e+00	1.038905e-09
1.140000000000011e-01	3.342246e+00	3.121836e-08	0.000000e+00	1.025684e-09
1.144000000000011e-01	3.341904e+00	3.123198e-08	0.000000e+00	1.012622e-09
1.148000000000011e-01	3.341562e+00	3.124543e-08	0.000000e+00	9.997158e-10
1.152000000000011e-01	3.341220e+00	3.125874e-08	0.000000e+00	9.869653e-10
1.156000000000011e-01	3.340877e+00	3.127189e-08	0.000000e+00	9.743685e-10
1.160000000000011e-01	3.340534e+00	3.128489e-08	0.000000e+00	9.619238e-10
1.164000000000011e-01	3.340191e+00	3.129773e-08	0.000000e+00	9.496295e-10
1.168000000000011e-01	3.339848e+00	3.131043e-08	0.000000e+00	9.374840e-10
1.172000000000011e-01	3.339505e+00	3.132299e-08	0.000000e+00	9.254859e-10
1.176000000000011e-01	3.339161e+00	3.133539e-08	0.000000e+00	9.136335e-10
1.180000000000011e-01	3.338817e+00	3.134766e-08	0.000000e+00	9.019253e-10
1.184000000000011e-01	3.338473e+00	3.135978e-08	0.000000e+00	8.903597e-10
1.188000000000011e-01	3.338129e+00	3.137175e-08	0.000000e+00	8.789353e-10
1.192000000000011e-01	3.337785e+00	3.138360e-08	0.000000e+00	8.676505e-10
1.196000000000011e-01	3.337441e+00	3.139530e-08	0.000000e+00	8.565038e-10
1.200000000000011e-01	3.337096e+00	3.140686e-08	0.000000e+00	8.454936e-10
1.204000000000011e-01	3.336751e+00	3.141830e-08	0.000000e+00	8.346187e-10
1.208000000000011e-01	3.336406e+00	3.142959e-08	0.000000e+00	8.238773e-10
1.212000000000011e-01	3.336061e+00	3.144076e-08	0.000000e+00	8.132682e-10
1.216000000000011e-01	3.335716e+00	3.145179e-08	0.000000e+00	8.027898e-10
1.220000000000011e-01	3.335371e+00	3.146270e-08	0.000000e+00	7.924408e-10
1.224000000000011e-01	3.335025e+00	3.147348e-08	0.000000e+00	7.822196e-10
1.228000000000011e-01	3.334679e+00	3.148413e-08	0.000000e+00	7.721249e-10
1.232000000000011e-01	3.334333e+00	3.149466e-08	0.000000e+00	7.621553e-10
1.236000000000011e-01	3.333987e+00	3.150506e-08	0.000000e+00	7.523094e-10
1.240000000000011e-01	3.333641e+00	3.151534e-08	0.000000e+00	7.425858e-10
1.244000000000011e-01	3.333294e+00	3.152550e-08	0.000000e+00	7.329832e-10
1.248000000000011e-01	3.332948e+00	3.153555e-08	0.000000e+00	7.235001e-10
1.252000000000011e-01	3.332601e+00	3.154547e-08	0.000000e+00	7.141353e-10
1.256000000000011e-01	3.332254e+00	3.155527e-08	0.000000e+00	7.048873e-10
1.260000000000011e-01	3.331908e+00	3.156497e-08	0.000000e+00	6.957550e-10
1.264000000000011e-01	3.331560e+00	3.157454e-08	0.000000e+00	6.867370e-10
1.268000000000011e-01	3.331213e+00	3.158401e-08	0.000000e+00	6.778319e-10
1.272000000000011e-01	3.330866e+00	3.159336e-08	0.000000e+00	6.690385e-10
1.276000000000011e-01	3.330518e+00	3.160260e-08	0.000000e+00	6.603557e-10
1.280000000000011e-01	3.330171e+00	3.161174e-08	0.000000e+00	6.517819e-10
1.284000000000012e-01	3.329823e+00	3.162076e-08	0.000000e+00	6.433160e-10
1.288000000000012e-01	3.329475e+00	3.162968e-08	0.000000e+00	6.349569e-10
1.292000000000012e-01	3.329127e+00	3.163850e-08	0.000000e+00	6.267031e-10
1.296000000000012e-01	3.328779e+00	3.164720e-08	0.000000e+00	6.185536e-10
1.300000000000012e-01	3.328430e+00	3.165581e-08	0.000000e+00	6.105071e-10
1.304000000000012e-01	3.328082e+00	3.166432e-08	0.000000e+00	6.025624e-10
1.308000000000012e-01	3.327733e+00	3.167272e-08	0.000000e+00	5.947184e-10
1.312000000000012e-01	3.327384e+00	3.168103e-08	0.000000e+00	5.869738e-10
1.316000000000012e-01	3.327036e+00	3.168924e-08	0.000000e+00	5.793275e-10
1.320000000000013e-01	3.326687e+00	3.169735e-08	0.000000e+00	5.717784e-10
1.324000000000013e-01	3.326338e+00	3.170536e-08	0.000000e+00	5.643253e-10
1.328000000000013e-01	3.325989e+00	3.171328e-08	0.000000e+00	5.569671e-10
1.332000000000013e-01	3.325639e+00	3.172111e-08	0.000000e+00	5.497026e-10
1.336000000000013e-01	3.325290e+00	3.172884e-08	0.000000e+00	5.425308e-10
1.340000000000013e-01	3.324940e+00	3.173648e-08	0.000000e+00	5.354506e-10
1.344000000000013e-01	3.324591e+00	3.174404e-08	0.000000e+00	5.284608e-10
1.348000000000013e-01	3.324241e+00	3.175150e-08	0.000000e+00	5.215605e-10
1.352000000000013e-01	3.323891e+00	3.175887e-08	0.000000e+00	5.147485e-10
1.356000000000014e-01	3.323541e+00	3.176616e-08	0.000000e+00	5.080238e-10
1.360000000000014e-01	3.323191e+00	3.177336e-08	0.000000e+00	5.013853e-10
1.364000000000014e-01	3.322841e+00	3.178048e-08	0.000000e+00	4.948321e-10
1.368000000000014e-01	3.322490e+00	3.178751e-08	0.000000e+00	4.883630e-10
1.372000000000014e-01	3.322140e+00	3.179446e-08	0.000000e+00	4.819771e-10
1.376000000000014e-01	3.321790e+00	3.180133e-08	0.000000e+00	4.756734e-10
1.380000000000014e-01	3.321439e+00	3.180811e-08	0.000000e+00	4.694509e-10
1.384000000000014e-01	3.321088e+00	3.181482e-08	0.000000e+00	4.633086e-10
1.388000000000014e-01	3.320737e+00	3.182145e-08	0.000000e+00	4.572456e-10
1.392000000000015e-01	3.320386e+00	3.182799e-08	0.000000e+00	4.512608e-10
1.396000000000015e-01	3.320035e+00	3.183447e-08	0.000000e+00	4.453534e-10
1.400000000000015e-01	3.319685e+00	3.184086e-08	0.000000e+00	4.395223e-10
1.404000000000015e-01	3.319333e+00	3.184718e-08	0.000000e+00	4.337667e-10
1.408000000000015e-01	3.318982e+00	3.185343e-08	0.000000e+00	4.280857e-10
1.412000000000015e-01	3.318630e+00	3.185960e-08	0.000000e+00	4.224783e-10
1.416000000000015e-01	3.318279e+00	3.186570e-08	0.000000e+00	4.169436e-10
1.420000000000015e-01	3.317928e+00	3.187172e-08	0.000000e+00	4.114807e-10
1.424000000000016e-01	3.317576e+00	3.187768e-08	0.000000e+00	4.060889e-10
1.428000000000016e-01	3.317224e+00	3.188357e-08	0.000000e+00	4.007671e-10
1.432000000000016e-01	3.316872e+00	3.188939e-08	0.000000e+00	3.955145e-10
1.436000000000016e-01	3.316520e+00	3.189513e-08	0.000000e+00	3.903303e-10
1.440000000000016e-01	3.316169e+00	3.190082e-08	0.000000e+00	3.852136e-10
1.444000000000016e-01	3.315816e+00	3.190643e-08	0.000000e+00	3.801637e-10
1.448000000000016e-01	3.315464e+00	3.191198e-08	0.000000e+00	3.751796e-10
1.452000000000016e-01	3.315112e+00	3.191747e-08	0.000000e+00	3.702605e-10
1.456000000000016e-01	3.314760e+00	3.192289e-08	0.000000e+00	3.654057e-10
1.460000000000017e-01	3.314407e+00	3.192824e-08	0.000000e+00	3.606143e-10
1.464000000000017e-01	3.314055e+00	3.193354e-08	0.000000e+00	3.558857e-10
1.468000000000017e-01	3.313702e+00	3.193877e-08	0.000000e+00	3.512188e-10
1.472000000000017e-01	3.313349e+00	3.194394e-08	0.000000e+00	3.466131e-10
1.476000000000017e-01	3.312997e+00	3.194905e-08	0.000000e+00	3.420677e-10
1.480000000000017e-01	3.312644e+00	3.195411e-08	0.000000e+00	3.375819e-10
1.484000000000017e-01	3.312291e+00	3.195910e-08	0.000000e+00	3.331550e-10
1.488000000000017e-01	3.311938e+00	3.196403e-08	0.000000e+00	3.287861e-10
1.492000000000017e-01	3.311585e+00	3.196891e-08	0.000000e+00	3.244747e-10
1.496000000000018e-01	3.311232e+00	3.197373e-08	0.000000e+00	3.202199e-10
1.500000000000018e-01	3.310879e+00	3.197849e-08	0.000000e+00	3.160210e-10
1.504000000000018e-01	3.310526e+00	3.198321e-08	0.000000e+00	3.118773e-10
1.508000000000018e-01	3.310173e+00	3.198786e-08	0.000000e+00	3.077882e-10
1.512000000000018e-01	3.309819e+00	3.199246e-08	0.000000e+00	3.037530e-10
1.516000000000018e-01	3.309466e+00	3.199701e-08	0.000000e+00	2.997709e-10
1.520000000000018e-01	3.309112e+00	3.200151e-08	0.000000e+00	2.958413e-10
1.524000000000018e-01	3.308759e+00	3.200595e-08	0.000000e+00	2.919636e-10
1.528000000000019e-01	3.308405e+00	3.201034e-08	0.000000e+00	2.881370e-10
1.532000000000019e-01	3.308052e+00	3.201469e-08	0.000000e+00	2.843609e-10
1.536000000000019e-01	3.307698e+00	3.201898e-08	0.000000e+00	2.806348e-10
1.540000000000019e-01	3.307344e+00	3.202322e-08	0.000000e+00	2.769578e-10
1.544000000000019e-01	3.306990e+00	3.202742e-08	0.000000e+00	2.733296e-10
1.548000000000019e-01	3.306636e+00	3.203157e-08	0.000000e+00	2.697493e-10
1.552000000000019e-01	3.306282e+00	3.203567e-08	0.000000e+00	2.662164e-10
1.556000000000019e-01	3.305928e+00	3.203972e-08	0.000000e+00	2.627302e-10
1.560000000000019e-01	3.305574e+00	3.204373e-08	0.000000e+00	2.592903e-10
1.564000000000020e-01	3.305220e+00	3.204769e-08	0.000000e+00	2.558960e-10
1.568000000000020e-01	3.304866e+00	3.205161e-08	0.000000e+00	2.525467e-10
1.572000000000020e-01	3.304511e+00	3.205548e-08	0.000000e+00	2.492418e-10
1.576000000000020e-01	3.304157e+00	3.205930e-08	0.000000e+00	2.459807e-10
1.580000000000020e-01	3.303803e+00	3.206309e-08	0.000000e+00	2.427630e-10
1.584000000000020e-01	3.303448e+00	3.206683e-08	0.000000e+00	2.395880e-10
1.588000000000020e-01	3.303094e+00	3.207053e-08	0.000000e+00	2.364552e-10
1.592000000000020e-01	3.302739e+00	3.207419e-08	0.000000e+00	2.333641e-10
1.596000000000020e-01	3.302385e+00	3.207781e-08	0.000000e+00	2.303141e-10
1.600000000000021e-01	3.302030e+00	3.208139e-08	0.000000e+00	2.273047e-10
1.604000000000021e-01	3.301675e+00	3.208492e-08	0.000000e+00	2.243353e-10
1.608000000000021e-01	3.301320e+00	3.208842e-08	0.000000e+00	2.214055e-10
1.612000000000021e-01	3.300966e+00	3.209188e-08	0.000000e+00	2.185147e-10
1.616000000000021e-01	3.300611e+00	3.209530e-08	0.000000e+00	2.156624e-10
1.620000000000021e-01	3.300256e+00	3.209868e-08	0.000000e+00	2.128482e-10
1.624000000000021e-01	3.299901e+00	3.210203e-08	0.000000e+00	2.100715e-10
1.628000000000021e-01	3.299546e+00	3.210533e-08	0.000000e+00	2.073319e-10
1.632000000000021e-01	3.299191e+00	3.210861e-08	0.000000e+00	2.046288e-10
1.636000000000022e-01	3.298836e+00	3.211184e-08	0.000000e+00	2.019618e-10
1.640000000000022e-01	3.298481e+00	3.211504e-08	0.000000e+00	1.993304e-10
1.644000000000022e-01	3.298126e+00	3.211820e-08	0.000000e+00	1.967342e-10
1.648000000000022e-01	3.297770e+00	3.212133e-08	0.000000e+00	1.941727e-10
1.652000000000022e-01	3.297415e+00	3.212443e-08	0.000000e+00	1.916455e-10
1.656000000000022e-01	3.297060e+00	3.212749e-08	0.000000e+00	1.891520e-10
1.660000000000022e-01	3.296704e+00	3.213052e-08	0.000000e+00	1.866920e-10
1.664000000000022e-01	3.296349e+00	3.213351e-08	0.000000e+00	1.842648e-10
1.668000000000023e-01	3.295993e+00	3.213647e-08	0.000000e+00	1.818702e-10
1.672000000000023e-01	3.295638e+00	3.213940e-08	0.000000e+00	1.795076e-10
1.676000000000023e-01	3.295282e+00	3.214230e-08	0.000000e+00	1.771767e-10
1.680000000000023e-01	3.294927e+00	3.214517e-08	0.000000e+00	1.748770e-10
1.684000000000023e-01	3.294571e+00	3.214801e-08	0.000000e+00	1.726081e-10
1.688000000000023e-01	3.294215e+00	3.215082e-08	0.000000e+00	1.703697e-10
1.692000000000023e-01	3.293860e+00	3.215359e-08	0.000000e+00	1.681613e-10
1.696000000000023e-01	3.293504e+00	3.215634e-08	0.000000e+00	1.659825e-10
1.700000000000023e-01	3.293148e+00	3.215906e-08	0.000000e+00	1.638330e-10
1.704000000000024e-01	3.292793e+00	3.216175e-08	0.000000e+00	1.617124e-10
1.708000000000024e-01	3.292437e+00	3.216440e-08	0.000000e+00	1.596202e-10
1.712000000000024e-01	3.292081e+00	3.216704e-08	0.000000e+00	1.575561e-10
1.716000000000024e-01	3.291725e+00	3.216964e-08	0.000000e+00	1.555198e-10
1.720000000000024e-01	3.291369e+00	3.217222e-08	0.000000e+00	1.535108e-10
1.724000000000024e-01	3.291013e+00	3.217477e-08	0.000000e+00	1.515289e-10
1.728000000000024e-01	3.290657e+00	3.217729e-08	0.000000e+00	1.495736e-10
1.732000000000024e-01	3.290301e+00	3.217979e-08	0.000000e+00	1.476446e-10
1.736000000000024e-01	3.289945e+00	3.218226e-08	0.000000e+00	1.457415e-10
1.740000000000025e-01	3.289589e+00	3.218471e-08	0.000000e+00	1.438641e-10
1.744000000000025e-01	3.289232e+00	3.218713e-08	0.000000e+00	1.420120e-10
1.748000000000025e-01	3.288876e+00	3.218953e-08	0.000000e+00	1.401848e-10
1.752000000000025e-01	3.288520e+00	3.219190e-08	0.000000e+00	1.383822e-10
1.756000000000025e-01	3.288164e+00	3.219424e-08	0.000000e+00	1.366039e-10
1.760000000000025e-01	3.287807e+00	3.219656e-08	0.000000e+00	1.348496e-10
1.764000000000025e-01	3.287451e+00	3.219887e-08	0.000000e+00	1.331189e-10
1.768000000000025e-01	3.287095e+00	3.220114e-08	0.000000e+00	1.314115e-10
1.772000000000025e-01	3.286738e+00	3.220339e-08	0.000000e+00	1.297272e-10
1.776000000000026e-01	3.286382e+00	3.220562e-08	0.000000e+00	1.280656e-10
1.780000000000026e-01	3.286026e+00	3.220783e-08	0.000000e+00	1.264264e-10
1.784000000000026e-01	3.285669e+00	3.221001e-08	0.000000e+00	1.248094e-10
1.788000000000026e-01	3.285313e+00	3.221218e-08	0.000000e+00	1.232141e-10
1.792000000000026e-01	3.284956e+00	3.221432e-08	0.000000e+00	1.216404e-10
1.796000000000026e-01	3.284600e+00	3.221644e-08	0.000000e+00	1.200880e-10
1.800000000000026e-01	3.284243e+00	3.221854e-08	0.000000e+00	1.185565e-10
1.804000000000026e-01	3.283886e+00	3.222062e-08	0.000000e+00	1.170457e-10
1.808000000000027e-01	3.283530e+00	3.222268e-08	0.000000e+00	1.155554e-10
1.812000000000027e-01	3.283173e+00	3.222472e-08	0.000000e+00	1.140852e-10
1.816000000000027e-01	3.282816e+00	3.222674e-08	0.000000e+00	1.126348e-10
1.820000000000027e-01	3.282459e+00	3.222874e-08	0.000000e+00	1.112041e-10
1.824000000000027e-01	3.282103e+00	3.223072e-08	0.000000e+00	1.097927e-10
1.828000000000027e-01	3.281746e+00	3.223268e-08	0.000000e+00	1.084004e-10
1.832000000000027e-01	3.281389e+00	3.223462e-08	0.000000e+00	1.070269e-10
1.836000000000027e-01	3.281032e+00	3.223654e-08	0.000000e+00	1.056721e-10
1.840000000000027e-01	3.280676e+00	3.223845e-08	0.000000e+00	1.043355e-10
1.844000000000028e-01	3.280319e+00	3.224033e-08	0.000000e+00	1.030171e-10
1.848000000000028e-01	3.279962e+00	3.224220e-08	0.000000e+00	1.017165e-10
1.852000000000028e-01	3.279605e+00	3.224405e-08	0.000000e+00	1.004335e-10
1.856000000000028e-01	3.279248e+00	3.224589e-08	0.000000e+00	9.916790e-11
1.860000000000028e-01	3.278891e+00	3.224770e-08	0.000000e+00	9.791945e-11
1.864000000000028e-01	3.278534e+00	3.224951e-08	0.000000e+00	9.668791e-11
1.868000000000028e-01	3.278177e+00	3.225129e-08	0.000000e+00	9.547305e-11
1.872000000000028e-01	3.277820e+00	3.225306e-08	0.000000e+00	9.427466e-11
1.876000000000028e-01	3.277463e+00	3.225481e-08	0.000000e+00	9.309253e-11
1.880000000000029e-01	3.277106e+00	3.225654e-08	0.000000e+00	9.192641e-11
1.884000000000029e-01	3.276748e+00	3.225826e-08	0.000000e+00	9.077611e-11
1.888000000000029e-01	3.276392e+00	3.225996e-08	0.000000e+00	8.964141e-11
1.892000000000029e-01	3.276034e+00	3.226165e-08	0.000000e+00	8.852211e-11
1.896000000000029e-01	3.275677e+00	3.226332e-08	0.000000e+00	8.741798e-11
1.900000000000029e-01	3.275320e+00	3.226498e-08	0.000000e+00	8.632884e-11
1.904000000000029e-01	3.274963e+00	3.226662e-08	0.000000e+00	8.525448e-11
1.908000000000029e-01	3.274605e+00	3.226825e-08	0.000000e+00	8.419471e-11
1.912000000000030e-01	3.274248e+00	3.226986e-08	0.000000e+00	8.314932e-11
1.916000000000030e-01	3.273891e+00	3.227146e-08	0.000000e+00	8.211812e-11
1.920000000000030e-01	3.273534e+00	3.227305e-08	0.000000e+00	8.110093e-11
1.924000000000030e-01	3.273176e+00	3.227462e-08	0.000000e+00	8.009755e-11
1.928000000000030e-01	3.272819e+00	3.227618e-08	0.000000e+00	7.910780e-11
1.932000000000030e-01	3.272461e+00	3.227772e-08	0.000000e+00	7.813150e-11
1.936000000000030e-01	3.272104e+00	3.227925e-08	0.000000e+00	7.716847e-11
1.940000000000030e-01	3.271747e+00	3.228077e-08	0.000000e+00	7.621851e-11
1.944000000000030e-01	3.271389e+00	3.228228e-08	0.000000e+00	7.528148e-11
1.948000000000031e-01	3.271032e+00	3.228377e-08	0.000000e+00	7.435717e-11
1.952000000000031e-01	3.270674e+00	3.228525e-08	0.000000e+00	7.344543e-11
1.956000000000031e-01	3.270317e+00	3.228672e-08	0.000000e+00	7.254609e-11
1.960000000000031e-01	3.269959e+00	3.228817e-08	0.000000e+00	7.165898e-11
1.964000000000031e-01	3.269602e+00	3.228962e-08	0.000000e+00	7.078393e-11
1.968000000000031e-01	3.269244e+00	3.229104e-08	0.000000e+00	6.992078e-11
1.972000000000031e-01	3.268887e+00	3.229247e-08	0.000000e+00	6.906938e-11
1.976000000000031e-01	3.268529e+00	3.229387e-08	0.000000e+00	6.822955e-11
1.980000000000031e-01	3.268172e+00	3.229527e-08	0.000000e+00	6.740115e-11
1.984000000000032e-01	3.267814e+00	3.229665e-08	0.000000e+00	6.658403e-11
1.988000000000032e-01	3.267457e+00	3.229803e-08	0.000000e+00	6.577803e-11
1.992000000000032e-01	3.267099e+00	3.229939e-08	0.000000e+00	6.498300e-11
1.996000000000032e-01	3.266741e+00	3.230074e-08	0.000000e+00	6.419879e-11
2.000000000000000e-01	3.266384e+00	3.230209e-08	0.000000e+00	6.342526e-11
