vdm	V(n001)	I(V1)	I(V2)	I(V3)
-2.000000000000000e-01	3.543139e+00	2.366169e-09	0.000000e+00	2.167263e-07
-1.996000000000000e-01	3.543130e+00	2.396407e-09	0.000000e+00	2.166962e-07
-1.992000000000000e-01	3.543120e+00	2.427005e-09	0.000000e+00	2.166656e-07
-1.988000000000000e-01	3.543110e+00	2.457968e-09	0.000000e+00	2.166348e-07
-1.984000000000000e-01	3.543100e+00	2.489298e-09	0.000000e+00	2.166035e-07
-1.980000000000000e-01	3.543089e+00	2.521000e-09	0.000000e+00	2.165719e-07
-1.975999999999999e-01	3.543079e+00	2.553078e-09	0.000000e+00	2.165399e-07
-1.971999999999999e-01	3.543068e+00	2.585535e-09	0.000000e+00	2.165076e-07
-1.967999999999999e-01	3.543058e+00	2.618375e-09	0.000000e+00	2.164748e-07
-1.963999999999999e-01	3.543047e+00	2.651601e-09	0.000000e+00	2.164417e-07
-1.959999999999999e-01	3.543036e+00	2.685219e-09	0.000000e+00	2.164082e-07
-1.955999999999999e-01	3.543025e+00	2.719230e-09	0.000000e+00	2.163742e-07
-1.951999999999999e-01	3.543014e+00	2.753640e-09	0.000000e+00	2.163399e-07
-1.947999999999999e-01	3.543003e+00	2.788453e-09	0.000000e+00	2.163052e-07
-1.943999999999999e-01	3.542991e+00	2.823671e-09	0.000000e+00	2.162701e-07
-1.939999999999998e-01	3.542980e+00	2.859300e-09	0.000000e+00	2.162346e-07
-1.935999999999998e-01	3.542968e+00	2.895342e-09	0.000000e+00	2.161986e-07
-1.931999999999998e-01	3.542956e+00	2.931803e-09	0.000000e+00	2.161623e-07
-1.927999999999998e-01	3.542944e+00	2.968685e-09	0.000000e+00	2.161255e-07
-1.923999999999998e-01	3.542932e+00	3.005994e-09	0.000000e+00	2.160883e-07
-1.919999999999998e-01	3.542920e+00	3.043732e-09	0.000000e+00	2.160507e-07
-1.915999999999998e-01	3.542908e+00	3.081905e-09	0.000000e+00	2.160126e-07
-1.911999999999998e-01	3.542895e+00	3.120515e-09	0.000000e+00	2.159741e-07
-1.907999999999997e-01	3.542883e+00	3.159568e-09	0.000000e+00	2.159351e-07
-1.903999999999997e-01	3.542870e+00	3.199068e-09	0.000000e+00	2.158958e-07
-1.899999999999997e-01	3.542857e+00	3.239017e-09	0.000000e+00	2.158559e-07
-1.895999999999997e-01	3.542844e+00	3.279422e-09	0.000000e+00	2.158156e-07
-1.891999999999997e-01	3.542830e+00	3.320285e-09	0.000000e+00	2.157749e-07
-1.887999999999997e-01	3.542817e+00	3.361611e-09	0.000000e+00	2.157337e-07
-1.883999999999997e-01	3.542804e+00	3.403404e-09	0.000000e+00	2.156920e-07
-1.879999999999997e-01	3.542790e+00	3.445669e-09	0.000000e+00	2.156498e-07
-1.875999999999997e-01	3.542776e+00	3.488409e-09	0.000000e+00	2.156072e-07
-1.871999999999996e-01	3.542762e+00	3.531629e-09	0.000000e+00	2.155641e-07
-1.867999999999996e-01	3.542748e+00	3.575334e-09	0.000000e+00	2.155205e-07
-1.863999999999996e-01	3.542733e+00	3.619526e-09	0.000000e+00	2.154765e-07
-1.859999999999996e-01	3.542719e+00	3.664211e-09	0.000000e+00	2.154319e-07
-1.855999999999996e-01	3.542704e+00	3.709393e-09	0.000000e+00	2.153869e-07
-1.851999999999996e-01	3.542690e+00	3.755077e-09	0.000000e+00	2.153413e-07
-1.847999999999996e-01	3.542675e+00	3.801266e-09	0.000000e+00	2.152952e-07
-1.843999999999996e-01	3.542659e+00	3.847965e-09	0.000000e+00	2.152487e-07
-1.839999999999996e-01	3.542644e+00	3.895178e-09	0.000000e+00	2.152016e-07
-1.835999999999995e-01	3.542629e+00	3.942910e-09	0.000000e+00	2.151540e-07
-1.831999999999995e-01	3.542613e+00	3.991166e-09	0.000000e+00	2.151059e-07
-1.827999999999995e-01	3.542597e+00	4.039948e-09	0.000000e+00	2.150572e-07
-1.823999999999995e-01	3.542581e+00	4.089262e-09	0.000000e+00	2.150081e-07
-1.819999999999995e-01	3.542565e+00	4.139113e-09	0.000000e+00	2.149584e-07
-1.815999999999995e-01	3.542548e+00	4.189504e-09	0.000000e+00	2.149081e-07
-1.811999999999995e-01	3.542532e+00	4.240440e-09	0.000000e+00	2.148573e-07
-1.807999999999995e-01	3.542515e+00	4.291926e-09	0.000000e+00	2.148060e-07
-1.803999999999994e-01	3.542498e+00	4.343967e-09	0.000000e+00	2.147541e-07
-1.799999999999994e-01	3.542481e+00	4.396565e-09	0.000000e+00	2.147016e-07
-1.795999999999994e-01	3.542464e+00	4.449726e-09	0.000000e+00	2.146486e-07
-1.791999999999994e-01	3.542446e+00	4.503455e-09	0.000000e+00	2.145950e-07
-1.787999999999994e-01	3.542429e+00	4.557756e-09	0.000000e+00	2.145409e-07
-1.783999999999994e-01	3.542411e+00	4.612632e-09	0.000000e+00	2.144862e-07
-1.779999999999994e-01	3.542393e+00	4.668090e-09	0.000000e+00	2.144309e-07
-1.775999999999994e-01	3.542375e+00	4.724133e-09	0.000000e+00	2.143750e-07
-1.771999999999994e-01	3.542356e+00	4.780766e-09	0.000000e+00	2.143185e-07
-1.767999999999993e-01	3.542337e+00	4.837993e-09	0.000000e+00	2.142615e-07
-1.763999999999993e-01	3.542319e+00	4.895819e-09	0.000000e+00	2.142038e-07
-1.759999999999993e-01	3.542300e+00	4.954248e-09	0.000000e+00	2.141455e-07
-1.755999999999993e-01	3.542280e+00	5.013285e-09	0.000000e+00	2.140867e-07
-1.751999999999993e-01	3.542261e+00	5.072935e-09	0.000000e+00	2.140272e-07
-1.747999999999993e-01	3.542241e+00	5.133201e-09	0.000000e+00	2.139671e-07
-1.743999999999993e-01	3.542222e+00	5.194088e-09	0.000000e+00	2.139064e-07
-1.739999999999993e-01	3.542202e+00	5.255602e-09	0.000000e+00	2.138450e-07
-1.735999999999993e-01	3.542181e+00	5.317745e-09	0.000000e+00	2.137831e-07
-1.731999999999992e-01	3.542161e+00	5.380524e-09	0.000000e+00	2.137205e-07
-1.727999999999992e-01	3.542140e+00	5.443942e-09	0.000000e+00	2.136572e-07
-1.723999999999992e-01	3.542119e+00	5.508004e-09	0.000000e+00	2.135933e-07
-1.719999999999992e-01	3.542098e+00	5.572714e-09	0.000000e+00	2.135288e-07
-1.715999999999992e-01	3.542077e+00	5.638077e-09	0.000000e+00	2.134636e-07
-1.711999999999992e-01	3.542055e+00	5.704097e-09	0.000000e+00	2.133978e-07
-1.707999999999992e-01	3.542033e+00	5.770779e-09	0.000000e+00	2.133313e-07
-1.703999999999992e-01	3.542011e+00	5.838128e-09	0.000000e+00	2.132642e-07
-1.699999999999992e-01	3.541989e+00	5.906147e-09	0.000000e+00	2.131963e-07
-1.695999999999991e-01	3.541967e+00	5.974841e-09	0.000000e+00	2.131278e-07
-1.691999999999991e-01	3.541944e+00	6.044215e-09	0.000000e+00	2.130587e-07
-1.687999999999991e-01	3.541921e+00	6.114273e-09	0.000000e+00	2.129888e-07
-1.683999999999991e-01	3.541898e+00	6.185020e-09	0.000000e+00	2.129183e-07
-1.679999999999991e-01	3.541875e+00	6.256459e-09	0.000000e+00	2.128470e-07
-1.675999999999991e-01	3.541851e+00	6.328596e-09	0.000000e+00	2.127751e-07
-1.671999999999991e-01	3.541827e+00	6.401435e-09	0.000000e+00	2.127025e-07
-1.667999999999991e-01	3.541803e+00	6.474980e-09	0.000000e+00	2.126291e-07
-1.663999999999990e-01	3.541779e+00	6.549235e-09	0.000000e+00	2.125551e-07
-1.659999999999990e-01	3.541754e+00	6.624206e-09	0.000000e+00	2.124803e-07
-1.655999999999990e-01	3.541730e+00	6.699895e-09	0.000000e+00	2.124048e-07
-1.651999999999990e-01	3.541705e+00	6.776308e-09	0.000000e+00	2.123286e-07
-1.647999999999990e-01	3.541679e+00	6.853450e-09	0.000000e+00	2.122517e-07
-1.643999999999990e-01	3.541654e+00	6.931323e-09	0.000000e+00	2.121741e-07
-1.639999999999990e-01	3.541628e+00	7.009933e-09	0.000000e+00	2.120957e-07
-1.635999999999990e-01	3.541602e+00	7.089284e-09	0.000000e+00	2.120166e-07
-1.631999999999990e-01	3.541576e+00	7.169380e-09	0.000000e+00	2.119367e-07
-1.627999999999989e-01	3.541549e+00	7.250225e-09	0.000000e+00	2.118561e-07
-1.623999999999989e-01	3.541523e+00	7.331824e-09	0.000000e+00	2.117747e-07
-1.619999999999989e-01	3.541496e+00	7.414181e-09	0.000000e+00	2.116926e-07
-1.615999999999989e-01	3.541468e+00	7.497299e-09	0.000000e+00	2.116097e-07
-1.611999999999989e-01	3.541441e+00	7.581184e-09	0.000000e+00	2.115261e-07
-1.607999999999989e-01	3.541413e+00	7.665839e-09	0.000000e+00	2.114417e-07
-1.603999999999989e-01	3.541385e+00	7.751268e-09	0.000000e+00	2.113565e-07
-1.599999999999989e-01	3.541357e+00	7.837476e-09	0.000000e+00	2.112705e-07
-1.595999999999989e-01	3.541328e+00	7.924466e-09	0.000000e+00	2.111838e-07
-1.591999999999988e-01	3.541299e+00	8.012242e-09	0.000000e+00	2.110962e-07
-1.587999999999988e-01	3.541270e+00	8.100810e-09	0.000000e+00	2.110079e-07
-1.583999999999988e-01	3.541241e+00	8.190172e-09	0.000000e+00	2.109188e-07
-1.579999999999988e-01	3.541211e+00	8.280333e-09	0.000000e+00	2.108289e-07
-1.575999999999988e-01	3.541181e+00	8.371297e-09	0.000000e+00	2.107382e-07
-1.571999999999988e-01	3.541151e+00	8.463066e-09	0.000000e+00	2.106467e-07
-1.567999999999988e-01	3.541121e+00	8.555646e-09	0.000000e+00	2.105544e-07
-1.563999999999988e-01	3.541090e+00	8.649041e-09	0.000000e+00	2.104613e-07
-1.559999999999988e-01	3.541059e+00	8.743253e-09	0.000000e+00	2.103673e-07
-1.555999999999987e-01	3.541028e+00	8.838288e-09	0.000000e+00	2.102726e-07
-1.551999999999987e-01	3.540996e+00	8.934149e-09	0.000000e+00	2.101770e-07
-1.547999999999987e-01	3.540964e+00	9.030838e-09	0.000000e+00	2.100806e-07
-1.543999999999987e-01	3.540932e+00	9.128361e-09	0.000000e+00	2.099833e-07
-1.539999999999987e-01	3.540900e+00	9.226721e-09	0.000000e+00	2.098852e-07
-1.535999999999987e-01	3.540867e+00	9.325921e-09	0.000000e+00	2.097863e-07
-1.531999999999987e-01	3.540834e+00	9.425966e-09	0.000000e+00	2.096866e-07
-1.527999999999987e-01	3.540801e+00	9.526858e-09	0.000000e+00	2.095860e-07
-1.523999999999986e-01	3.540767e+00	9.628603e-09	0.000000e+00	2.094845e-07
-1.519999999999986e-01	3.540733e+00	9.731202e-09	0.000000e+00	2.093822e-07
-1.515999999999986e-01	3.540699e+00	9.834658e-09	0.000000e+00	2.092791e-07
-1.511999999999986e-01	3.540665e+00	9.938978e-09	0.000000e+00	2.091750e-07
-1.507999999999986e-01	3.540630e+00	1.004416e-08	0.000000e+00	2.090701e-07
-1.503999999999986e-01	3.540595e+00	1.015022e-08	0.000000e+00	2.089644e-07
-1.499999999999986e-01	3.540560e+00	1.025714e-08	0.000000e+00	2.088578e-07
-1.495999999999986e-01	3.540524e+00	1.036494e-08	0.000000e+00	2.087503e-07
-1.491999999999986e-01	3.540488e+00	1.047362e-08	0.000000e+00	2.086419e-07
-1.487999999999985e-01	3.540452e+00	1.058318e-08	0.000000e+00	2.085327e-07
-1.483999999999985e-01	3.540415e+00	1.069363e-08	0.000000e+00	2.084225e-07
-1.479999999999985e-01	3.540378e+00	1.080496e-08	0.000000e+00	2.083115e-07
-1.475999999999985e-01	3.540341e+00	1.091719e-08	0.000000e+00	2.081996e-07
-1.471999999999985e-01	3.540304e+00	1.103031e-08	0.000000e+00	2.080868e-07
-1.467999999999985e-01	3.540266e+00	1.114433e-08	0.000000e+00	2.079731e-07
-1.463999999999985e-01	3.540228e+00	1.125925e-08	0.000000e+00	2.078585e-07
-1.459999999999985e-01	3.540189e+00	1.137508e-08	0.000000e+00	2.077431e-07
-1.455999999999985e-01	3.540151e+00	1.149181e-08	0.000000e+00	2.076267e-07
-1.451999999999984e-01	3.540112e+00	1.160944e-08	0.000000e+00	2.075094e-07
-1.447999999999984e-01	3.540072e+00	1.172800e-08	0.000000e+00	2.073912e-07
-1.443999999999984e-01	3.540032e+00	1.184746e-08	0.000000e+00	2.072720e-07
-1.439999999999984e-01	3.539993e+00	1.196785e-08	0.000000e+00	2.071520e-07
-1.435999999999984e-01	3.539952e+00	1.208916e-08	0.000000e+00	2.070311e-07
-1.431999999999984e-01	3.539912e+00	1.221139e-08	0.000000e+00	2.069092e-07
-1.427999999999984e-01	3.539871e+00	1.233454e-08	0.000000e+00	2.067864e-07
-1.423999999999984e-01	3.539829e+00	1.245863e-08	0.000000e+00	2.066626e-07
-1.419999999999983e-01	3.539788e+00	1.258364e-08	0.000000e+00	2.065380e-07
-1.415999999999983e-01	3.539746e+00	1.270959e-08	0.000000e+00	2.064124e-07
-1.411999999999983e-01	3.539703e+00	1.283648e-08	0.000000e+00	2.062859e-07
-1.407999999999983e-01	3.539661e+00	1.296430e-08	0.000000e+00	2.061584e-07
-1.403999999999983e-01	3.539618e+00	1.309307e-08	0.000000e+00	2.060300e-07
-1.399999999999983e-01	3.539575e+00	1.322278e-08	0.000000e+00	2.059007e-07
-1.395999999999983e-01	3.539531e+00	1.335343e-08	0.000000e+00	2.057704e-07
-1.391999999999983e-01	3.539487e+00	1.348504e-08	0.000000e+00	2.056392e-07
-1.387999999999983e-01	3.539443e+00	1.361759e-08	0.000000e+00	2.055070e-07
-1.383999999999982e-01	3.539398e+00	1.375110e-08	0.000000e+00	2.053739e-07
-1.379999999999982e-01	3.539353e+00	1.388556e-08	0.000000e+00	2.052399e-07
-1.375999999999982e-01	3.539308e+00	1.402097e-08	0.000000e+00	2.051048e-07
-1.371999999999982e-01	3.539263e+00	1.415735e-08	0.000000e+00	2.049688e-07
-1.367999999999982e-01	3.539217e+00	1.429469e-08	0.000000e+00	2.048319e-07
-1.363999999999982e-01	3.539170e+00	1.443299e-08	0.000000e+00	2.046940e-07
-1.359999999999982e-01	3.539124e+00	1.457225e-08	0.000000e+00	2.045551e-07
-1.355999999999982e-01	3.539077e+00	1.471248e-08	0.000000e+00	2.044153e-07
-1.351999999999982e-01	3.539029e+00	1.485368e-08	0.000000e+00	2.042745e-07
-1.347999999999981e-01	3.538982e+00	1.499585e-08	0.000000e+00	2.041328e-07
-1.343999999999981e-01	3.538934e+00	1.513899e-08	0.000000e+00	2.039901e-07
-1.339999999999981e-01	3.538885e+00	1.528311e-08	0.000000e+00	2.038464e-07
-1.335999999999981e-01	3.538837e+00	1.542820e-08	0.000000e+00	2.037017e-07
-1.331999999999981e-01	3.538788e+00	1.557426e-08	0.000000e+00	2.035561e-07
-1.327999999999981e-01	3.538738e+00	1.572131e-08	0.000000e+00	2.034095e-07
-1.323999999999981e-01	3.538688e+00	1.586933e-08	0.000000e+00	2.032619e-07
-1.319999999999981e-01	3.538638e+00	1.601834e-08	0.000000e+00	2.031133e-07
-1.315999999999981e-01	3.538588e+00	1.616832e-08	0.000000e+00	2.029637e-07
-1.311999999999980e-01	3.538537e+00	1.631929e-08	0.000000e+00	2.028132e-07
-1.307999999999980e-01	3.538486e+00	1.647125e-08	0.000000e+00	2.026617e-07
-1.303999999999980e-01	3.538435e+00	1.662420e-08	0.000000e+00	2.025092e-07
-1.299999999999980e-01	3.538383e+00	1.677813e-08	0.000000e+00	2.023557e-07
-1.295999999999980e-01	3.538330e+00	1.693305e-08	0.000000e+00	2.022013e-07
-1.291999999999980e-01	3.538278e+00	1.708895e-08	0.000000e+00	2.020458e-07
-1.287999999999980e-01	3.538225e+00	1.724585e-08	0.000000e+00	2.018894e-07
-1.283999999999980e-01	3.538172e+00	1.740375e-08	0.000000e+00	2.017319e-07
-1.279999999999979e-01	3.538118e+00	1.756263e-08	0.000000e+00	2.015735e-07
-1.275999999999979e-01	3.538064e+00	1.772251e-08	0.000000e+00	2.014141e-07
-1.271999999999979e-01	3.538009e+00	1.788338e-08	0.000000e+00	2.012537e-07
-1.267999999999979e-01	3.537955e+00	1.804525e-08	0.000000e+00	2.010923e-07
-1.263999999999979e-01	3.537899e+00	1.820812e-08	0.000000e+00	2.009299e-07
-1.259999999999979e-01	3.537844e+00	1.837198e-08	0.000000e+00	2.007666e-07
-1.255999999999979e-01	3.537788e+00	1.853684e-08	0.000000e+00	2.006022e-07
-1.251999999999979e-01	3.537732e+00	1.870270e-08	0.000000e+00	2.004368e-07
-1.247999999999979e-01	3.537675e+00	1.886956e-08	0.000000e+00	2.002704e-07
-1.243999999999979e-01	3.537618e+00	1.903741e-08	0.000000e+00	2.001031e-07
-1.239999999999979e-01	3.537561e+00	1.920627e-08	0.000000e+00	1.999347e-07
-1.235999999999979e-01	3.537503e+00	1.937613e-08	0.000000e+00	1.997654e-07
-1.231999999999979e-01	3.537445e+00	1.954699e-08	0.000000e+00	1.995950e-07
-1.227999999999979e-01	3.537387e+00	1.971885e-08	0.000000e+00	1.994237e-07
-1.223999999999979e-01	3.537328e+00	1.989171e-08	0.000000e+00	1.992513e-07
-1.219999999999979e-01	3.537269e+00	2.006557e-08	0.000000e+00	1.990780e-07
-1.215999999999979e-01	3.537209e+00	2.024044e-08	0.000000e+00	1.989036e-07
-1.211999999999979e-01	3.537149e+00	2.041631e-08	0.000000e+00	1.987283e-07
-1.207999999999979e-01	3.537089e+00	2.059318e-08	0.000000e+00	1.985519e-07
-1.203999999999979e-01	3.537029e+00	2.077105e-08	0.000000e+00	1.983746e-07
-1.199999999999979e-01	3.536968e+00	2.094993e-08	0.000000e+00	1.981962e-07
-1.195999999999979e-01	3.536906e+00	2.112981e-08	0.000000e+00	1.980169e-07
-1.191999999999979e-01	3.536844e+00	2.131069e-08	0.000000e+00	1.978365e-07
-1.187999999999979e-01	3.536782e+00	2.149257e-08	0.000000e+00	1.976552e-07
-1.183999999999979e-01	3.536719e+00	2.167546e-08	0.000000e+00	1.974728e-07
-1.179999999999979e-01	3.536656e+00	2.185935e-08	0.000000e+00	1.972895e-07
-1.175999999999979e-01	3.536593e+00	2.204424e-08	0.000000e+00	1.971052e-07
-1.171999999999979e-01	3.536530e+00	2.223013e-08	0.000000e+00	1.969198e-07
-1.167999999999979e-01	3.536465e+00	2.241702e-08	0.000000e+00	1.967335e-07
-1.163999999999979e-01	3.536401e+00	2.260492e-08	0.000000e+00	1.965462e-07
-1.159999999999979e-01	3.536336e+00	2.279381e-08	0.000000e+00	1.963578e-07
-1.155999999999979e-01	3.536271e+00	2.298371e-08	0.000000e+00	1.961685e-07
-1.151999999999979e-01	3.536205e+00	2.317461e-08	0.000000e+00	1.959782e-07
-1.147999999999979e-01	3.536139e+00	2.336650e-08	0.000000e+00	1.957868e-07
-1.143999999999979e-01	3.536073e+00	2.355940e-08	0.000000e+00	1.955945e-07
-1.139999999999979e-01	3.536006e+00	2.375329e-08	0.000000e+00	1.954012e-07
-1.135999999999979e-01	3.535939e+00	2.394818e-08	0.000000e+00	1.952069e-07
-1.131999999999979e-01	3.535872e+00	2.414407e-08	0.000000e+00	1.950116e-07
-1.127999999999979e-01	3.535804e+00	2.434095e-08	0.000000e+00	1.948153e-07
-1.123999999999979e-01	3.535735e+00	2.453883e-08	0.000000e+00	1.946180e-07
-1.119999999999979e-01	3.535667e+00	2.473770e-08	0.000000e+00	1.944197e-07
-1.115999999999980e-01	3.535598e+00	2.493757e-08	0.000000e+00	1.942205e-07
-1.111999999999980e-01	3.535528e+00	2.513843e-08	0.000000e+00	1.940202e-07
-1.107999999999980e-01	3.535458e+00	2.534028e-08	0.000000e+00	1.938190e-07
-1.103999999999980e-01	3.535388e+00	2.554313e-08	0.000000e+00	1.936167e-07
-1.099999999999980e-01	3.535317e+00	2.574696e-08	0.000000e+00	1.934135e-07
-1.095999999999980e-01	3.535246e+00	2.595178e-08	0.000000e+00	1.932093e-07
-1.091999999999980e-01	3.535175e+00	2.615759e-08	0.000000e+00	1.930041e-07
-1.087999999999980e-01	3.535103e+00	2.636439e-08	0.000000e+00	1.927980e-07
-1.083999999999980e-01	3.535031e+00	2.657217e-08	0.000000e+00	1.925908e-07
-1.079999999999980e-01	3.534959e+00	2.678094e-08	0.000000e+00	1.923827e-07
-1.075999999999980e-01	3.534886e+00	2.699069e-08	0.000000e+00	1.921735e-07
-1.071999999999980e-01	3.534812e+00	2.720143e-08	0.000000e+00	1.919635e-07
-1.067999999999980e-01	3.534739e+00	2.741314e-08	0.000000e+00	1.917524e-07
-1.063999999999980e-01	3.534664e+00	2.762583e-08	0.000000e+00	1.915403e-07
-1.059999999999980e-01	3.534590e+00	2.783950e-08	0.000000e+00	1.913273e-07
-1.055999999999980e-01	3.534515e+00	2.805415e-08	0.000000e+00	1.911133e-07
-1.051999999999980e-01	3.534440e+00	2.826977e-08	0.000000e+00	1.908983e-07
-1.047999999999980e-01	3.534364e+00	2.848637e-08	0.000000e+00	1.906824e-07
-1.043999999999980e-01	3.534288e+00	2.870394e-08	0.000000e+00	1.904655e-07
-1.039999999999980e-01	3.534211e+00	2.892248e-08	0.000000e+00	1.902476e-07
-1.035999999999980e-01	3.534135e+00	2.914198e-08	0.000000e+00	1.900288e-07
-1.031999999999980e-01	3.534057e+00	2.936246e-08	0.000000e+00	1.898090e-07
-1.027999999999980e-01	3.533980e+00	2.958390e-08	0.000000e+00	1.895882e-07
-1.023999999999980e-01	3.533902e+00	2.980630e-08	0.000000e+00	1.893665e-07
-1.019999999999980e-01	3.533823e+00	3.002967e-08	0.000000e+00	1.891438e-07
-1.015999999999980e-01	3.533744e+00	3.025400e-08	0.000000e+00	1.889201e-07
-1.011999999999980e-01	3.533665e+00	3.047929e-08	0.000000e+00	1.886956e-07
-1.007999999999980e-01	3.533586e+00	3.070553e-08	0.000000e+00	1.884700e-07
-1.003999999999980e-01	3.533505e+00	3.093273e-08	0.000000e+00	1.882435e-07
-9.999999999999802e-02	3.533425e+00	3.116088e-08	0.000000e+00	1.880160e-07
-9.959999999999802e-02	3.533344e+00	3.138998e-08	0.000000e+00	1.877876e-07
-9.919999999999803e-02	3.533263e+00	3.162004e-08	0.000000e+00	1.875583e-07
-9.879999999999803e-02	3.533181e+00	3.185104e-08	0.000000e+00	1.873280e-07
-9.839999999999803e-02	3.533099e+00	3.208298e-08	0.000000e+00	1.870968e-07
-9.799999999999803e-02	3.533017e+00	3.231587e-08	0.000000e+00	1.868646e-07
-9.759999999999804e-02	3.532934e+00	3.254970e-08	0.000000e+00	1.866315e-07
-9.719999999999804e-02	3.532851e+00	3.278447e-08	0.000000e+00	1.863974e-07
-9.679999999999804e-02	3.532767e+00	3.302018e-08	0.000000e+00	1.861625e-07
-9.639999999999804e-02	3.532683e+00	3.325682e-08	0.000000e+00	1.859265e-07
-9.599999999999805e-02	3.532599e+00	3.349439e-08	0.000000e+00	1.856897e-07
-9.559999999999805e-02	3.532514e+00	3.373289e-08	0.000000e+00	1.854519e-07
-9.519999999999805e-02	3.532429e+00	3.397232e-08	0.000000e+00	1.852132e-07
-9.479999999999805e-02	3.532343e+00	3.421268e-08	0.000000e+00	1.849736e-07
-9.439999999999805e-02	3.532258e+00	3.445396e-08	0.000000e+00	1.847331e-07
-9.399999999999806e-02	3.532171e+00	3.469616e-08	0.000000e+00	1.844916e-07
-9.359999999999806e-02	3.532084e+00	3.493929e-08	0.000000e+00	1.842493e-07
-9.319999999999806e-02	3.531997e+00	3.518332e-08	0.000000e+00	1.840060e-07
-9.279999999999806e-02	3.531910e+00	3.542827e-08	0.000000e+00	1.837618e-07
-9.239999999999807e-02	3.531822e+00	3.567414e-08	0.000000e+00	1.835167e-07
-9.199999999999807e-02	3.531733e+00	3.592091e-08	0.000000e+00	1.832707e-07
-9.159999999999807e-02	3.531645e+00	3.616859e-08	0.000000e+00	1.830238e-07
-9.119999999999807e-02	3.531555e+00	3.641717e-08	0.000000e+00	1.827760e-07
-9.079999999999808e-02	3.531466e+00	3.666665e-08	0.000000e+00	1.825273e-07
-9.039999999999808e-02	3.531376e+00	3.691703e-08	0.000000e+00	1.822777e-07
-8.999999999999808e-02	3.531286e+00	3.716831e-08	0.000000e+00	1.820272e-07
-8.959999999999808e-02	3.531195e+00	3.742048e-08	0.000000e+00	1.817758e-07
-8.919999999999809e-02	3.531104e+00	3.767355e-08	0.000000e+00	1.815235e-07
-8.879999999999809e-02	3.531012e+00	3.792750e-08	0.000000e+00	1.812704e-07
-8.839999999999809e-02	3.530920e+00	3.818234e-08	0.000000e+00	1.810163e-07
-8.799999999999809e-02	3.530828e+00	3.843806e-08	0.000000e+00	1.807614e-07
-8.759999999999810e-02	3.530735e+00	3.869465e-08	0.000000e+00	1.805056e-07
-8.719999999999810e-02	3.530642e+00	3.895213e-08	0.000000e+00	1.802489e-07
-8.679999999999810e-02	3.530548e+00	3.921048e-08	0.000000e+00	1.799914e-07
-8.639999999999810e-02	3.530454e+00	3.946971e-08	0.000000e+00	1.797330e-07
-8.599999999999811e-02	3.530360e+00	3.972980e-08	0.000000e+00	1.794737e-07
-8.559999999999811e-02	3.530265e+00	3.999076e-08	0.000000e+00	1.792136e-07
-8.519999999999811e-02	3.530170e+00	4.025258e-08	0.000000e+00	1.789526e-07
-8.479999999999811e-02	3.530075e+00	4.051526e-08	0.000000e+00	1.786907e-07
-8.439999999999812e-02	3.529979e+00	4.077880e-08	0.000000e+00	1.784280e-07
-8.399999999999812e-02	3.529882e+00	4.104319e-08	0.000000e+00	1.781645e-07
-8.359999999999812e-02	3.529786e+00	4.130844e-08	0.000000e+00	1.779001e-07
-8.319999999999812e-02	3.529689e+00	4.157453e-08	0.000000e+00	1.776348e-07
-8.279999999999813e-02	3.529591e+00	4.184146e-08	0.000000e+00	1.773687e-07
-8.239999999999813e-02	3.529493e+00	4.210925e-08	0.000000e+00	1.771018e-07
-8.199999999999813e-02	3.529395e+00	4.237786e-08	0.000000e+00	1.768340e-07
-8.159999999999813e-02	3.529296e+00	4.264732e-08	0.000000e+00	1.765654e-07
-8.119999999999813e-02	3.529197e+00	4.291761e-08	0.000000e+00	1.762960e-07
-8.079999999999814e-02	3.529097e+00	4.318872e-08	0.000000e+00	1.760257e-07
-8.039999999999814e-02	3.528997e+00	4.346067e-08	0.000000e+00	1.757547e-07
-7.999999999999814e-02	3.528897e+00	4.373343e-08	0.000000e+00	1.754828e-07
-7.959999999999814e-02	3.528796e+00	4.400702e-08	0.000000e+00	1.752100e-07
-7.919999999999815e-02	3.528695e+00	4.428143e-08	0.000000e+00	1.749365e-07
-7.879999999999815e-02	3.528594e+00	4.455665e-08	0.000000e+00	1.746622e-07
-7.839999999999815e-02	3.528492e+00	4.483268e-08	0.000000e+00	1.743870e-07
-7.799999999999815e-02	3.528390e+00	4.510951e-08	0.000000e+00	1.741111e-07
-7.759999999999816e-02	3.528287e+00	4.538715e-08	0.000000e+00	1.738343e-07
-7.719999999999816e-02	3.528184e+00	4.566560e-08	0.000000e+00	1.735568e-07
-7.679999999999816e-02	3.528080e+00	4.594484e-08	0.000000e+00	1.732785e-07
-7.639999999999816e-02	3.527977e+00	4.622487e-08	0.000000e+00	1.729993e-07
-7.599999999999817e-02	3.527872e+00	4.650569e-08	0.000000e+00	1.727194e-07
-7.559999999999817e-02	3.527767e+00	4.678731e-08	0.000000e+00	1.724387e-07
-7.519999999999817e-02	3.527662e+00	4.706970e-08	0.000000e+00	1.721572e-07
-7.479999999999817e-02	3.527557e+00	4.735288e-08	0.000000e+00	1.718749e-07
-7.439999999999818e-02	3.527451e+00	4.763683e-08	0.000000e+00	1.715919e-07
-7.399999999999818e-02	3.527345e+00	4.792156e-08	0.000000e+00	1.713081e-07
-7.359999999999818e-02	3.527238e+00	4.820706e-08	0.000000e+00	1.710235e-07
-7.319999999999818e-02	3.527131e+00	4.849333e-08	0.000000e+00	1.707382e-07
-7.279999999999819e-02	3.527023e+00	4.878036e-08	0.000000e+00	1.704521e-07
-7.239999999999819e-02	3.526916e+00	4.906815e-08	0.000000e+00	1.701652e-07
-7.199999999999819e-02	3.526807e+00	4.935670e-08	0.000000e+00	1.698776e-07
-7.159999999999819e-02	3.526699e+00	4.964599e-08	0.000000e+00	1.695893e-07
-7.119999999999820e-02	3.526589e+00	4.993604e-08	0.000000e+00	1.693002e-07
-7.079999999999820e-02	3.526480e+00	5.022684e-08	0.000000e+00	1.690103e-07
-7.039999999999820e-02	3.526370e+00	5.051838e-08	0.000000e+00	1.687197e-07
-6.999999999999820e-02	3.526260e+00	5.081065e-08	0.000000e+00	1.684284e-07
-6.959999999999820e-02	3.526149e+00	5.110366e-08	0.000000e+00	1.681364e-07
-6.919999999999821e-02	3.526038e+00	5.139741e-08	0.000000e+00	1.678436e-07
-6.879999999999821e-02	3.525927e+00	5.169188e-08	0.000000e+00	1.675501e-07
-6.839999999999821e-02	3.525815e+00	5.198707e-08	0.000000e+00	1.672558e-07
-6.799999999999821e-02	3.525703e+00	5.228299e-08	0.000000e+00	1.669609e-07
-6.759999999999822e-02	3.525590e+00	5.257962e-08	0.000000e+00	1.666652e-07
-6.719999999999822e-02	3.525477e+00	5.287697e-08	0.000000e+00	1.663689e-07
-6.679999999999822e-02	3.525364e+00	5.317503e-08	0.000000e+00	1.660718e-07
-6.639999999999822e-02	3.525250e+00	5.347379e-08	0.000000e+00	1.657740e-07
-6.599999999999823e-02	3.525136e+00	5.377326e-08	0.000000e+00	1.654755e-07
-6.559999999999823e-02	3.525021e+00	5.407342e-08	0.000000e+00	1.651764e-07
-6.519999999999823e-02	3.524906e+00	5.437428e-08	0.000000e+00	1.648765e-07
-6.479999999999823e-02	3.524791e+00	5.467583e-08	0.000000e+00	1.645760e-07
-6.439999999999824e-02	3.524675e+00	5.497807e-08	0.000000e+00	1.642747e-07
-6.399999999999824e-02	3.524559e+00	5.528099e-08	0.000000e+00	1.639728e-07
-6.359999999999824e-02	3.524442e+00	5.558459e-08	0.000000e+00	1.636702e-07
-6.319999999999824e-02	3.524325e+00	5.588887e-08	0.000000e+00	1.633669e-07
-6.279999999999825e-02	3.524208e+00	5.619382e-08	0.000000e+00	1.630630e-07
-6.239999999999825e-02	3.524090e+00	5.649944e-08	0.000000e+00	1.627584e-07
-6.199999999999825e-02	3.523972e+00	5.680572e-08	0.000000e+00	1.624532e-07
-6.159999999999825e-02	3.523853e+00	5.711266e-08	0.000000e+00	1.621472e-07
-6.119999999999826e-02	3.523734e+00	5.742027e-08	0.000000e+00	1.618407e-07
-6.079999999999826e-02	3.523615e+00	5.772852e-08	0.000000e+00	1.615334e-07
-6.039999999999826e-02	3.523495e+00	5.803743e-08	0.000000e+00	1.612256e-07
-5.999999999999826e-02	3.523375e+00	5.834698e-08	0.000000e+00	1.609171e-07
-5.959999999999827e-02	3.523254e+00	5.865717e-08	0.000000e+00	1.606079e-07
-5.919999999999827e-02	3.523134e+00	5.896800e-08	0.000000e+00	1.602981e-07
-5.879999999999827e-02	3.523012e+00	5.927946e-08	0.000000e+00	1.599877e-07
-5.839999999999827e-02	3.522891e+00	5.959156e-08	0.000000e+00	1.596767e-07
-5.799999999999828e-02	3.522768e+00	5.990427e-08	0.000000e+00	1.593650e-07
-5.759999999999828e-02	3.522646e+00	6.021762e-08	0.000000e+00	1.590527e-07
-5.719999999999828e-02	3.522523e+00	6.053158e-08	0.000000e+00	1.587399e-07
-5.679999999999828e-02	3.522400e+00	6.084615e-08	0.000000e+00	1.584263e-07
-5.639999999999828e-02	3.522276e+00	6.116134e-08	0.000000e+00	1.581122e-07
-5.599999999999829e-02	3.522152e+00	6.147712e-08	0.000000e+00	1.577975e-07
-5.559999999999829e-02	3.522027e+00	6.179351e-08	0.000000e+00	1.574822e-07
-5.519999999999829e-02	3.521903e+00	6.211051e-08	0.000000e+00	1.571663e-07
-5.479999999999829e-02	3.521777e+00	6.242809e-08	0.000000e+00	1.568498e-07
-5.439999999999830e-02	3.521652e+00	6.274627e-08	0.000000e+00	1.565327e-07
-5.399999999999830e-02	3.521526e+00	6.306504e-08	0.000000e+00	1.562150e-07
-5.359999999999830e-02	3.521399e+00	6.338438e-08	0.000000e+00	1.558968e-07
-5.319999999999830e-02	3.521273e+00	6.370431e-08	0.000000e+00	1.555779e-07
-5.279999999999831e-02	3.521145e+00	6.402480e-08	0.000000e+00	1.552585e-07
-5.239999999999831e-02	3.521018e+00	6.434587e-08	0.000000e+00	1.549386e-07
-5.199999999999831e-02	3.520890e+00	6.466750e-08	0.000000e+00	1.546180e-07
-5.159999999999831e-02	3.520761e+00	6.498971e-08	0.000000e+00	1.542970e-07
-5.119999999999832e-02	3.520633e+00	6.531246e-08	0.000000e+00	1.539753e-07
-5.079999999999832e-02	3.520504e+00	6.563577e-08	0.000000e+00	1.536531e-07
-5.039999999999832e-02	3.520374e+00	6.595963e-08	0.000000e+00	1.533304e-07
-4.999999999999832e-02	3.520244e+00	6.628404e-08	0.000000e+00	1.530071e-07
-4.959999999999833e-02	3.520114e+00	6.660898e-08	0.000000e+00	1.526833e-07
-4.919999999999833e-02	3.519983e+00	6.693447e-08	0.000000e+00	1.523589e-07
-4.879999999999833e-02	3.519852e+00	6.726049e-08	0.000000e+00	1.520340e-07
-4.839999999999833e-02	3.519721e+00	6.758704e-08	0.000000e+00	1.517086e-07
-4.799999999999834e-02	3.519588e+00	6.791412e-08	0.000000e+00	1.513827e-07
-4.759999999999834e-02	3.519456e+00	6.824171e-08	0.000000e+00	1.510562e-07
-4.719999999999834e-02	3.519324e+00	6.856983e-08	0.000000e+00	1.507293e-07
-4.679999999999834e-02	3.519191e+00	6.889845e-08	0.000000e+00	1.504018e-07
-4.639999999999835e-02	3.519057e+00	6.922759e-08	0.000000e+00	1.500738e-07
-4.599999999999835e-02	3.518923e+00	6.955723e-08	0.000000e+00	1.497453e-07
-4.559999999999835e-02	3.518789e+00	6.988737e-08	0.000000e+00	1.494164e-07
-4.519999999999835e-02	3.518655e+00	7.021801e-08	0.000000e+00	1.490869e-07
-4.479999999999836e-02	3.518520e+00	7.054914e-08	0.000000e+00	1.487569e-07
-4.439999999999836e-02	3.518384e+00	7.088076e-08	0.000000e+00	1.484265e-07
-4.399999999999836e-02	3.518248e+00	7.121287e-08	0.000000e+00	1.480955e-07
-4.359999999999836e-02	3.518112e+00	7.154545e-08	0.000000e+00	1.477641e-07
-4.319999999999836e-02	3.517976e+00	7.187851e-08	0.000000e+00	1.474322e-07
-4.279999999999837e-02	3.517839e+00	7.221205e-08	0.000000e+00	1.470999e-07
-4.239999999999837e-02	3.517702e+00	7.254604e-08	0.000000e+00	1.467671e-07
-4.199999999999837e-02	3.517564e+00	7.288050e-08	0.000000e+00	1.464338e-07
-4.159999999999837e-02	3.517426e+00	7.321543e-08	0.000000e+00	1.461001e-07
-4.119999999999838e-02	3.517287e+00	7.355081e-08	0.000000e+00	1.457659e-07
-4.079999999999838e-02	3.517148e+00	7.388663e-08	0.000000e+00	1.454313e-07
-4.039999999999838e-02	3.517009e+00	7.422291e-08	0.000000e+00	1.450962e-07
-3.999999999999838e-02	3.516870e+00	7.455963e-08	0.000000e+00	1.447607e-07
-3.959999999999839e-02	3.516729e+00	7.489678e-08	0.000000e+00	1.444247e-07
-3.919999999999839e-02	3.516589e+00	7.523437e-08	0.000000e+00	1.440884e-07
-3.879999999999839e-02	3.516448e+00	7.557239e-08	0.000000e+00	1.437516e-07
-3.839999999999839e-02	3.516307e+00	7.591083e-08	0.000000e+00	1.434143e-07
-3.799999999999840e-02	3.516165e+00	7.624970e-08	0.000000e+00	1.430767e-07
-3.759999999999840e-02	3.516024e+00	7.658898e-08	0.000000e+00	1.427386e-07
-3.719999999999840e-02	3.515881e+00	7.692868e-08	0.000000e+00	1.424002e-07
-3.679999999999840e-02	3.515738e+00	7.726878e-08	0.000000e+00	1.420613e-07
-3.639999999999841e-02	3.515595e+00	7.760929e-08	0.000000e+00	1.417220e-07
-3.599999999999841e-02	3.515452e+00	7.795020e-08	0.000000e+00	1.413824e-07
-3.559999999999841e-02	3.515308e+00	7.829151e-08	0.000000e+00	1.410423e-07
-3.519999999999841e-02	3.515164e+00	7.863320e-08	0.000000e+00	1.407019e-07
-3.479999999999842e-02	3.515019e+00	7.897528e-08	0.000000e+00	1.403610e-07
-3.439999999999842e-02	3.514874e+00	7.931775e-08	0.000000e+00	1.400198e-07
-3.399999999999842e-02	3.514729e+00	7.966059e-08	0.000000e+00	1.396782e-07
-3.359999999999842e-02	3.514583e+00	8.000382e-08	0.000000e+00	1.393363e-07
-3.319999999999843e-02	3.514437e+00	8.034741e-08	0.000000e+00	1.389939e-07
-3.279999999999843e-02	3.514290e+00	8.069136e-08	0.000000e+00	1.386512e-07
-3.239999999999843e-02	3.514143e+00	8.103568e-08	0.000000e+00	1.383082e-07
-3.199999999999843e-02	3.513996e+00	8.138036e-08	0.000000e+00	1.379648e-07
-3.159999999999843e-02	3.513848e+00	8.172538e-08	0.000000e+00	1.376210e-07
-3.119999999999843e-02	3.513700e+00	8.207076e-08	0.000000e+00	1.372769e-07
-3.079999999999843e-02	3.513551e+00	8.241648e-08	0.000000e+00	1.369325e-07
-3.039999999999843e-02	3.513402e+00	8.276254e-08	0.000000e+00	1.365877e-07
-2.999999999999843e-02	3.513253e+00	8.310894e-08	0.000000e+00	1.362426e-07
-2.959999999999843e-02	3.513104e+00	8.345567e-08	0.000000e+00	1.358972e-07
-2.919999999999843e-02	3.512954e+00	8.380272e-08	0.000000e+00	1.355514e-07
-2.879999999999843e-02	3.512803e+00	8.415010e-08	0.000000e+00	1.352053e-07
-2.839999999999843e-02	3.512652e+00	8.449780e-08	0.000000e+00	1.348589e-07
-2.799999999999843e-02	3.512501e+00	8.484582e-08	0.000000e+00	1.345122e-07
-2.759999999999842e-02	3.512350e+00	8.519414e-08	0.000000e+00	1.341652e-07
-2.719999999999842e-02	3.512198e+00	8.554277e-08	0.000000e+00	1.338179e-07
-2.679999999999842e-02	3.512045e+00	8.589169e-08	0.000000e+00	1.334703e-07
-2.639999999999842e-02	3.511893e+00	8.624092e-08	0.000000e+00	1.331224e-07
-2.599999999999842e-02	3.511739e+00	8.659044e-08	0.000000e+00	1.327742e-07
-2.559999999999842e-02	3.511586e+00	8.694025e-08	0.000000e+00	1.324257e-07
-2.519999999999842e-02	3.511432e+00	8.729034e-08	0.000000e+00	1.320769e-07
-2.479999999999842e-02	3.511278e+00	8.764071e-08	0.000000e+00	1.317279e-07
-2.439999999999842e-02	3.511123e+00	8.799136e-08	0.000000e+00	1.313786e-07
-2.399999999999841e-02	3.510968e+00	8.834228e-08	0.000000e+00	1.310290e-07
-2.359999999999841e-02	3.510813e+00	8.869346e-08	0.000000e+00	1.306792e-07
-2.319999999999841e-02	3.510657e+00	8.904491e-08	0.000000e+00	1.303290e-07
-2.279999999999841e-02	3.510501e+00	8.939661e-08	0.000000e+00	1.299787e-07
-2.239999999999841e-02	3.510345e+00	8.974857e-08	0.000000e+00	1.296281e-07
-2.199999999999841e-02	3.510188e+00	9.010078e-08	0.000000e+00	1.292772e-07
-2.159999999999841e-02	3.510030e+00	9.045324e-08	0.000000e+00	1.289261e-07
-2.119999999999841e-02	3.509873e+00	9.080593e-08	0.000000e+00	1.285748e-07
-2.079999999999841e-02	3.509715e+00	9.115887e-08	0.000000e+00	1.282232e-07
-2.039999999999841e-02	3.509556e+00	9.151203e-08	0.000000e+00	1.278714e-07
-1.999999999999840e-02	3.509397e+00	9.186542e-08	0.000000e+00	1.275194e-07
-1.959999999999840e-02	3.509238e+00	9.221903e-08	0.000000e+00	1.271672e-07
-1.919999999999840e-02	3.509079e+00	9.257287e-08	0.000000e+00	1.268147e-07
-1.879999999999840e-02	3.508919e+00	9.292692e-08	0.000000e+00	1.264620e-07
-1.839999999999840e-02	3.508758e+00	9.328117e-08	0.000000e+00	1.261092e-07
-1.799999999999840e-02	3.508597e+00	9.363563e-08	0.000000e+00	1.257561e-07
-1.759999999999840e-02	3.508436e+00	9.399030e-08	0.000000e+00	1.254028e-07
-1.719999999999840e-02	3.508275e+00	9.434517e-08	0.000000e+00	1.250493e-07
-1.679999999999840e-02	3.508113e+00	9.470022e-08	0.000000e+00	1.246957e-07
-1.639999999999840e-02	3.507951e+00	9.505546e-08	0.000000e+00	1.243418e-07
-1.599999999999839e-02	3.507788e+00	9.541089e-08	0.000000e+00	1.239878e-07
-1.559999999999839e-02	3.507625e+00	9.576650e-08	0.000000e+00	1.236336e-07
-1.519999999999840e-02	3.507462e+00	9.612229e-08	0.000000e+00	1.232792e-07
-1.479999999999840e-02	3.507298e+00	9.647824e-08	0.000000e+00	1.229247e-07
-1.439999999999840e-02	3.507134e+00	9.683436e-08	0.000000e+00	1.225700e-07
-1.399999999999840e-02	3.506969e+00	9.719064e-08	0.000000e+00	1.222151e-07
-1.359999999999840e-02	3.506804e+00	9.754708e-08	0.000000e+00	1.218601e-07
-1.319999999999840e-02	3.506639e+00	9.790368e-08	0.000000e+00	1.215049e-07
-1.279999999999840e-02	3.506473e+00	9.826042e-08	0.000000e+00	1.211496e-07
-1.239999999999840e-02	3.506307e+00	9.861731e-08	0.000000e+00	1.207942e-07
-1.199999999999840e-02	3.506141e+00	9.897434e-08	0.000000e+00	1.204386e-07
-1.159999999999840e-02	3.505974e+00	9.933150e-08	0.000000e+00	1.200828e-07
-1.119999999999840e-02	3.505807e+00	9.968880e-08	0.000000e+00	1.197270e-07
-1.079999999999840e-02	3.505639e+00	1.000462e-07	0.000000e+00	1.193710e-07
-1.039999999999840e-02	3.505471e+00	1.004038e-07	0.000000e+00	1.190149e-07
-9.999999999998404e-03	3.505303e+00	1.007614e-07	0.000000e+00	1.186587e-07
-9.599999999998405e-03	3.505134e+00	1.011192e-07	0.000000e+00	1.183024e-07
-9.199999999998406e-03	3.504965e+00	1.014771e-07	0.000000e+00	1.179459e-07
-8.799999999998406e-03	3.504796e+00	1.018351e-07	0.000000e+00	1.175894e-07
-8.399999999998407e-03	3.504626e+00	1.021932e-07	0.000000e+00	1.172328e-07
-7.999999999998408e-03	3.504455e+00	1.025514e-07	0.000000e+00	1.168760e-07
-7.599999999998408e-03	3.504285e+00	1.029097e-07	0.000000e+00	1.165192e-07
-7.199999999998407e-03	3.504114e+00	1.032680e-07	0.000000e+00	1.161623e-07
-6.799999999998407e-03	3.503942e+00	1.036265e-07	0.000000e+00	1.158054e-07
-6.399999999998407e-03	3.503771e+00	1.039850e-07	0.000000e+00	1.154483e-07
-5.999999999998407e-03	3.503598e+00	1.043436e-07	0.000000e+00	1.150912e-07
-5.599999999998407e-03	3.503426e+00	1.047023e-07	0.000000e+00	1.147340e-07
-5.199999999998406e-03	3.503253e+00	1.050610e-07	0.000000e+00	1.143767e-07
-4.799999999998406e-03	3.503080e+00	1.054199e-07	0.000000e+00	1.140194e-07
-4.399999999998406e-03	3.502906e+00	1.057787e-07	0.000000e+00	1.136620e-07
-3.999999999998406e-03	3.502732e+00	1.061376e-07	0.000000e+00	1.133046e-07
-3.599999999998406e-03	3.502558e+00	1.064966e-07	0.000000e+00	1.129472e-07
-3.199999999998406e-03	3.502383e+00	1.068556e-07	0.000000e+00	1.125897e-07
-2.799999999998405e-03	3.502208e+00	1.072146e-07	0.000000e+00	1.122321e-07
-2.399999999998405e-03	3.502032e+00	1.075737e-07	0.000000e+00	1.118746e-07
-1.999999999998405e-03	3.501856e+00	1.079328e-07	0.000000e+00	1.115170e-07
-1.599999999998405e-03	3.501680e+00	1.082920e-07	0.000000e+00	1.111593e-07
-1.199999999998405e-03	3.501503e+00	1.086511e-07	0.000000e+00	1.108017e-07
-7.999999999984051e-04	3.501326e+00	1.090103e-07	0.000000e+00	1.104440e-07
-3.999999999984050e-04	3.501149e+00	1.093695e-07	0.000000e+00	1.100864e-07
1.594969815943426e-15	3.500971e+00	1.097287e-07	0.000000e+00	1.097287e-07
4.000000000015950e-04	3.500793e+00	1.100879e-07	0.000000e+00	1.093710e-07
8.000000000015950e-04	3.500614e+00	1.104471e-07	0.000000e+00	1.090134e-07
1.200000000001595e-03	3.500435e+00	1.108063e-07	0.000000e+00	1.086557e-07
1.600000000001595e-03	3.500256e+00	1.111655e-07	0.000000e+00	1.082981e-07
2.000000000001595e-03	3.500076e+00	1.115247e-07	0.000000e+00	1.079404e-07
2.400000000001595e-03	3.499896e+00	1.118838e-07	0.000000e+00	1.075828e-07
2.800000000001595e-03	3.499715e+00	1.122430e-07	0.000000e+00	1.072252e-07
3.200000000001596e-03	3.499535e+00	1.126021e-07	0.000000e+00	1.068677e-07
3.600000000001596e-03	3.499353e+00	1.129612e-07	0.000000e+00	1.065102e-07
4.000000000001596e-03	3.499172e+00	1.133202e-07	0.000000e+00	1.061527e-07
4.400000000001596e-03	3.498990e+00	1.136792e-07	0.000000e+00	1.057952e-07
4.800000000001596e-03	3.498807e+00	1.140382e-07	0.000000e+00	1.054378e-07
5.200000000001597e-03	3.498625e+00	1.143971e-07	0.000000e+00	1.050805e-07
5.600000000001597e-03	3.498441e+00	1.147560e-07	0.000000e+00	1.047232e-07
6.000000000001597e-03	3.498258e+00	1.151148e-07	0.000000e+00	1.043660e-07
6.400000000001597e-03	3.498074e+00	1.154735e-07	0.000000e+00	1.040088e-07
6.800000000001597e-03	3.497890e+00	1.158322e-07	0.000000e+00	1.036517e-07
7.200000000001597e-03	3.497705e+00	1.161908e-07	0.000000e+00	1.032947e-07
7.600000000001598e-03	3.497520e+00	1.165493e-07	0.000000e+00	1.029378e-07
8.000000000001598e-03	3.497334e+00	1.169078e-07	0.000000e+00	1.025809e-07
8.400000000001597e-03	3.497149e+00	1.172662e-07	0.000000e+00	1.022241e-07
8.800000000001596e-03	3.496963e+00	1.176245e-07	0.000000e+00	1.018674e-07
9.200000000001596e-03	3.496776e+00	1.179826e-07	0.000000e+00	1.015108e-07
9.600000000001595e-03	3.496589e+00	1.183407e-07	0.000000e+00	1.011544e-07
1.000000000000159e-02	3.496402e+00	1.186987e-07	0.000000e+00	1.007980e-07
1.040000000000159e-02	3.496214e+00	1.190566e-07	0.000000e+00	1.004417e-07
1.080000000000159e-02	3.496026e+00	1.194144e-07	0.000000e+00	1.000855e-07
1.120000000000159e-02	3.495837e+00	1.197721e-07	0.000000e+00	9.972949e-08
1.160000000000159e-02	3.495649e+00	1.201296e-07	0.000000e+00	9.937357e-08
1.200000000000159e-02	3.495459e+00	1.204870e-07	0.000000e+00	9.901777e-08
1.240000000000159e-02	3.495270e+00	1.208443e-07	0.000000e+00	9.866210e-08
1.280000000000159e-02	3.495080e+00	1.212015e-07	0.000000e+00	9.830656e-08
1.320000000000159e-02	3.494889e+00	1.215585e-07	0.000000e+00	9.795117e-08
1.360000000000159e-02	3.494699e+00	1.219154e-07	0.000000e+00	9.759592e-08
1.400000000000159e-02	3.494508e+00	1.222722e-07	0.000000e+00	9.724081e-08
1.440000000000159e-02	3.494316e+00	1.226288e-07	0.000000e+00	9.688586e-08
1.480000000000159e-02	3.494124e+00	1.229852e-07	0.000000e+00	9.653107e-08
1.520000000000159e-02	3.493932e+00	1.233415e-07	0.000000e+00	9.617644e-08
1.560000000000158e-02	3.493739e+00	1.236976e-07	0.000000e+00	9.582197e-08
1.600000000000159e-02	3.493546e+00	1.240536e-07	0.000000e+00	9.546767e-08
1.640000000000159e-02	3.493353e+00	1.244094e-07	0.000000e+00	9.511354e-08
1.680000000000159e-02	3.493159e+00	1.247650e-07	0.000000e+00	9.475960e-08
1.720000000000159e-02	3.492965e+00	1.251204e-07	0.000000e+00	9.440583e-08
1.760000000000159e-02	3.492770e+00	1.254757e-07	0.000000e+00	9.405225e-08
1.800000000000159e-02	3.492575e+00	1.258307e-07	0.000000e+00	9.369887e-08
1.840000000000159e-02	3.492380e+00	1.261856e-07	0.000000e+00	9.334568e-08
1.880000000000159e-02	3.492184e+00	1.265402e-07	0.000000e+00	9.299269e-08
1.920000000000159e-02	3.491988e+00	1.268947e-07	0.000000e+00	9.263990e-08
1.960000000000160e-02	3.491792e+00	1.272490e-07	0.000000e+00	9.228732e-08
2.000000000000160e-02	3.491595e+00	1.276030e-07	0.000000e+00	9.193496e-08
2.040000000000160e-02	3.491398e+00	1.279569e-07	0.000000e+00	9.158281e-08
2.080000000000160e-02	3.491200e+00	1.283105e-07	0.000000e+00	9.123089e-08
2.120000000000160e-02	3.491002e+00	1.286639e-07	0.000000e+00	9.087919e-08
2.160000000000160e-02	3.490804e+00	1.290171e-07	0.000000e+00	9.052772e-08
2.200000000000160e-02	3.490605e+00	1.293700e-07	0.000000e+00	9.017649e-08
2.240000000000160e-02	3.490406e+00	1.297227e-07	0.000000e+00	8.982550e-08
2.280000000000160e-02	3.490206e+00	1.300752e-07	0.000000e+00	8.947475e-08
2.320000000000160e-02	3.490007e+00	1.304274e-07	0.000000e+00	8.912424e-08
2.360000000000161e-02	3.489806e+00	1.307793e-07	0.000000e+00	8.877399e-08
2.400000000000161e-02	3.489606e+00	1.311311e-07	0.000000e+00	8.842400e-08
2.440000000000161e-02	3.489405e+00	1.314825e-07	0.000000e+00	8.807427e-08
2.480000000000161e-02	3.489203e+00	1.318337e-07	0.000000e+00	8.772479e-08
2.520000000000161e-02	3.489002e+00	1.321847e-07	0.000000e+00	8.737560e-08
2.560000000000161e-02	3.488799e+00	1.325353e-07	0.000000e+00	8.702667e-08
2.600000000000161e-02	3.488597e+00	1.328857e-07	0.000000e+00	8.667802e-08
2.640000000000161e-02	3.488394e+00	1.332358e-07	0.000000e+00	8.632966e-08
2.680000000000161e-02	3.488190e+00	1.335856e-07	0.000000e+00	8.598158e-08
2.720000000000162e-02	3.487987e+00	1.339351e-07	0.000000e+00	8.563379e-08
2.760000000000162e-02	3.487782e+00	1.342844e-07	0.000000e+00	8.528630e-08
2.800000000000162e-02	3.487578e+00	1.346333e-07	0.000000e+00	8.493911e-08
2.840000000000162e-02	3.487373e+00	1.349820e-07	0.000000e+00	8.459222e-08
2.880000000000162e-02	3.487168e+00	1.353303e-07	0.000000e+00	8.424564e-08
2.920000000000162e-02	3.486962e+00	1.356783e-07	0.000000e+00	8.389937e-08
2.960000000000162e-02	3.486756e+00	1.360261e-07	0.000000e+00	8.355342e-08
3.000000000000162e-02	3.486550e+00	1.363735e-07	0.000000e+00	8.320779e-08
3.040000000000162e-02	3.486343e+00	1.367205e-07	0.000000e+00	8.286249e-08
3.080000000000162e-02	3.486136e+00	1.370673e-07	0.000000e+00	8.251752e-08
3.120000000000163e-02	3.485929e+00	1.374137e-07	0.000000e+00	8.217287e-08
3.160000000000163e-02	3.485721e+00	1.377598e-07	0.000000e+00	8.182857e-08
3.200000000000162e-02	3.485512e+00	1.381055e-07	0.000000e+00	8.148461e-08
3.240000000000162e-02	3.485303e+00	1.384509e-07	0.000000e+00	8.114100e-08
3.280000000000162e-02	3.485094e+00	1.387960e-07	0.000000e+00	8.079774e-08
3.320000000000162e-02	3.484885e+00	1.391407e-07	0.000000e+00	8.045483e-08
3.360000000000161e-02	3.484675e+00	1.394850e-07	0.000000e+00	8.011229e-08
3.400000000000161e-02	3.484465e+00	1.398290e-07	0.000000e+00	7.977010e-08
3.440000000000161e-02	3.484254e+00	1.401726e-07	0.000000e+00	7.942829e-08
3.480000000000161e-02	3.484043e+00	1.405159e-07	0.000000e+00	7.908685e-08
3.520000000000161e-02	3.483832e+00	1.408588e-07	0.000000e+00	7.874579e-08
3.560000000000160e-02	3.483620e+00	1.412013e-07	0.000000e+00	7.840510e-08
3.600000000000160e-02	3.483408e+00	1.415434e-07	0.000000e+00	7.806480e-08
3.640000000000160e-02	3.483195e+00	1.418851e-07	0.000000e+00	7.772489e-08
3.680000000000160e-02	3.482982e+00	1.422265e-07	0.000000e+00	7.738537e-08
3.720000000000159e-02	3.482769e+00	1.425674e-07	0.000000e+00	7.704625e-08
3.760000000000159e-02	3.482555e+00	1.429080e-07	0.000000e+00	7.670754e-08
3.800000000000159e-02	3.482341e+00	1.432481e-07	0.000000e+00	7.636923e-08
3.840000000000159e-02	3.482127e+00	1.435878e-07	0.000000e+00	7.603133e-08
3.880000000000158e-02	3.481912e+00	1.439272e-07	0.000000e+00	7.569384e-08
3.920000000000158e-02	3.481697e+00	1.442661e-07	0.000000e+00	7.535677e-08
3.960000000000158e-02	3.481481e+00	1.446045e-07	0.000000e+00	7.502013e-08
4.000000000000158e-02	3.481265e+00	1.449426e-07	0.000000e+00	7.468392e-08
4.040000000000157e-02	3.481049e+00	1.452803e-07	0.000000e+00	7.434813e-08
4.080000000000157e-02	3.480832e+00	1.456174e-07	0.000000e+00	7.401278e-08
4.120000000000157e-02	3.480615e+00	1.459542e-07	0.000000e+00	7.367787e-08
4.160000000000157e-02	3.480397e+00	1.462905e-07	0.000000e+00	7.334341e-08
4.200000000000156e-02	3.480179e+00	1.466264e-07	0.000000e+00	7.300940e-08
4.240000000000156e-02	3.479961e+00	1.469619e-07	0.000000e+00	7.267583e-08
4.280000000000156e-02	3.479742e+00	1.472968e-07	0.000000e+00	7.234272e-08
4.320000000000156e-02	3.479523e+00	1.476314e-07	0.000000e+00	7.201007e-08
4.360000000000155e-02	3.479304e+00	1.479654e-07	0.000000e+00	7.167790e-08
4.400000000000155e-02	3.479084e+00	1.482990e-07	0.000000e+00	7.134618e-08
4.440000000000155e-02	3.478863e+00	1.486321e-07	0.000000e+00	7.101495e-08
4.480000000000155e-02	3.478643e+00	1.489648e-07	0.000000e+00	7.068418e-08
4.520000000000154e-02	3.478422e+00	1.492970e-07	0.000000e+00	7.035390e-08
4.560000000000154e-02	3.478200e+00	1.496286e-07	0.000000e+00	7.002411e-08
4.600000000000154e-02	3.477978e+00	1.499598e-07	0.000000e+00	6.969481e-08
4.640000000000154e-02	3.477756e+00	1.502906e-07	0.000000e+00	6.936600e-08
4.680000000000153e-02	3.477534e+00	1.506208e-07	0.000000e+00	6.903768e-08
4.720000000000153e-02	3.477310e+00	1.509505e-07	0.000000e+00	6.870987e-08
4.760000000000153e-02	3.477087e+00	1.512797e-07	0.000000e+00	6.838257e-08
4.800000000000153e-02	3.476863e+00	1.516084e-07	0.000000e+00	6.805578e-08
4.840000000000153e-02	3.476639e+00	1.519366e-07	0.000000e+00	6.772949e-08
4.880000000000152e-02	3.476415e+00	1.522643e-07	0.000000e+00	6.740373e-08
4.920000000000152e-02	3.476190e+00	1.525914e-07	0.000000e+00	6.707850e-08
4.960000000000152e-02	3.475964e+00	1.529181e-07	0.000000e+00	6.675378e-08
5.000000000000152e-02	3.475739e+00	1.532442e-07	0.000000e+00	6.642961e-08
5.040000000000151e-02	3.475513e+00	1.535698e-07	0.000000e+00	6.610596e-08
5.080000000000151e-02	3.475286e+00	1.538948e-07	0.000000e+00	6.578286e-08
5.120000000000151e-02	3.475059e+00	1.542193e-07	0.000000e+00	6.546029e-08
5.160000000000151e-02	3.474832e+00	1.545433e-07	0.000000e+00	6.513827e-08
5.200000000000150e-02	3.474604e+00	1.548667e-07	0.000000e+00	6.481681e-08
5.240000000000150e-02	3.474376e+00	1.551895e-07	0.000000e+00	6.449590e-08
5.280000000000150e-02	3.474148e+00	1.555118e-07	0.000000e+00	6.417554e-08
5.320000000000150e-02	3.473919e+00	1.558336e-07	0.000000e+00	6.385576e-08
5.360000000000149e-02	3.473690e+00	1.561548e-07	0.000000e+00	6.353654e-08
5.400000000000149e-02	3.473460e+00	1.564754e-07	0.000000e+00	6.321789e-08
5.440000000000149e-02	3.473230e+00	1.567954e-07	0.000000e+00	6.289982e-08
5.480000000000149e-02	3.473000e+00	1.571149e-07	0.000000e+00	6.258232e-08
5.520000000000148e-02	3.472769e+00	1.574338e-07	0.000000e+00	6.226541e-08
5.560000000000148e-02	3.472538e+00	1.577521e-07	0.000000e+00	6.194908e-08
5.600000000000148e-02	3.472306e+00	1.580698e-07	0.000000e+00	6.163335e-08
5.640000000000148e-02	3.472074e+00	1.583869e-07	0.000000e+00	6.131821e-08
5.680000000000147e-02	3.471842e+00	1.587034e-07	0.000000e+00	6.100367e-08
5.720000000000147e-02	3.471609e+00	1.590193e-07	0.000000e+00	6.068973e-08
5.760000000000147e-02	3.471376e+00	1.593347e-07	0.000000e+00	6.037640e-08
5.800000000000147e-02	3.471142e+00	1.596494e-07	0.000000e+00	6.006368e-08
5.840000000000146e-02	3.470908e+00	1.599635e-07	0.000000e+00	5.975158e-08
5.880000000000146e-02	3.470674e+00	1.602770e-07	0.000000e+00	5.944009e-08
5.920000000000146e-02	3.470439e+00	1.605898e-07	0.000000e+00	5.912923e-08
5.960000000000146e-02	3.470204e+00	1.609021e-07	0.000000e+00	5.881899e-08
6.000000000000145e-02	3.469969e+00	1.612137e-07	0.000000e+00	5.850938e-08
6.040000000000145e-02	3.469733e+00	1.615247e-07	0.000000e+00	5.820041e-08
6.080000000000145e-02	3.469496e+00	1.618350e-07	0.000000e+00	5.789207e-08
6.120000000000145e-02	3.469260e+00	1.621447e-07	0.000000e+00	5.758438e-08
6.160000000000145e-02	3.469023e+00	1.624538e-07	0.000000e+00	5.727733e-08
6.200000000000144e-02	3.468785e+00	1.627622e-07	0.000000e+00	5.697093e-08
6.240000000000144e-02	3.468547e+00	1.630700e-07	0.000000e+00	5.666519e-08
6.280000000000144e-02	3.468309e+00	1.633771e-07	0.000000e+00	5.636010e-08
6.320000000000144e-02	3.468070e+00	1.636836e-07	0.000000e+00	5.605567e-08
6.360000000000143e-02	3.467831e+00	1.639894e-07	0.000000e+00	5.575190e-08
6.400000000000143e-02	3.467592e+00	1.642945e-07	0.000000e+00	5.544881e-08
6.440000000000143e-02	3.467352e+00	1.645990e-07	0.000000e+00	5.514639e-08
6.480000000000143e-02	3.467112e+00	1.649028e-07	0.000000e+00	5.484464e-08
6.520000000000142e-02	3.466871e+00	1.652059e-07	0.000000e+00	5.454358e-08
6.560000000000142e-02	3.466630e+00	1.655084e-07	0.000000e+00	5.424319e-08
6.600000000000142e-02	3.466388e+00	1.658101e-07	0.000000e+00	5.394350e-08
6.640000000000142e-02	3.466147e+00	1.661112e-07	0.000000e+00	5.364449e-08
6.680000000000141e-02	3.465904e+00	1.664116e-07	0.000000e+00	5.334618e-08
6.720000000000141e-02	3.465662e+00	1.667112e-07	0.000000e+00	5.304857e-08
6.760000000000141e-02	3.465419e+00	1.670102e-07	0.000000e+00	5.275166e-08
6.800000000000141e-02	3.465175e+00	1.673085e-07	0.000000e+00	5.245545e-08
6.840000000000140e-02	3.464931e+00	1.676061e-07	0.000000e+00	5.215995e-08
6.880000000000140e-02	3.464687e+00	1.679029e-07	0.000000e+00	5.186517e-08
6.920000000000140e-02	3.464443e+00	1.681991e-07	0.000000e+00	5.157110e-08
6.960000000000140e-02	3.464198e+00	1.684945e-07	0.000000e+00	5.127776e-08
7.000000000000139e-02	3.463952e+00	1.687892e-07	0.000000e+00	5.098513e-08
7.040000000000139e-02	3.463706e+00	1.690832e-07	0.000000e+00	5.069324e-08
7.080000000000139e-02	3.463460e+00	1.693765e-07	0.000000e+00	5.040207e-08
7.120000000000139e-02	3.463214e+00	1.696690e-07	0.000000e+00	5.011164e-08
7.160000000000138e-02	3.462967e+00	1.699608e-07	0.000000e+00	4.982195e-08
7.200000000000138e-02	3.462719e+00	1.702519e-07	0.000000e+00	4.953300e-08
7.240000000000138e-02	3.462472e+00	1.705422e-07	0.000000e+00	4.924479e-08
7.280000000000138e-02	3.462224e+00	1.708318e-07	0.000000e+00	4.895733e-08
7.320000000000138e-02	3.461975e+00	1.711206e-07	0.000000e+00	4.867062e-08
7.360000000000137e-02	3.461726e+00	1.714086e-07	0.000000e+00	4.838467e-08
7.400000000000137e-02	3.461477e+00	1.716960e-07	0.000000e+00	4.809948e-08
7.440000000000137e-02	3.461227e+00	1.719825e-07	0.000000e+00	4.781505e-08
7.480000000000137e-02	3.460977e+00	1.722683e-07	0.000000e+00	4.753139e-08
7.520000000000136e-02	3.460726e+00	1.725533e-07	0.000000e+00	4.724849e-08
7.560000000000136e-02	3.460475e+00	1.728376e-07	0.000000e+00	4.696637e-08
7.600000000000136e-02	3.460224e+00	1.731211e-07	0.000000e+00	4.668503e-08
7.640000000000136e-02	3.459972e+00	1.734038e-07	0.000000e+00	4.640446e-08
7.680000000000135e-02	3.459720e+00	1.736857e-07	0.000000e+00	4.612468e-08
7.720000000000135e-02	3.459467e+00	1.739669e-07	0.000000e+00	4.584568e-08
7.760000000000135e-02	3.459214e+00	1.742472e-07	0.000000e+00	4.556747e-08
7.800000000000135e-02	3.458961e+00	1.745268e-07	0.000000e+00	4.529005e-08
7.840000000000134e-02	3.458708e+00	1.748056e-07	0.000000e+00	4.501343e-08
7.880000000000134e-02	3.458453e+00	1.750836e-07	0.000000e+00	4.473761e-08
7.920000000000134e-02	3.458199e+00	1.753608e-07	0.000000e+00	4.446259e-08
7.960000000000134e-02	3.457944e+00	1.756371e-07	0.000000e+00	4.418838e-08
8.000000000000133e-02	3.457689e+00	1.759127e-07	0.000000e+00	4.391497e-08
8.040000000000133e-02	3.457433e+00	1.761875e-07	0.000000e+00	4.364238e-08
8.080000000000133e-02	3.457177e+00	1.764614e-07	0.000000e+00	4.337060e-08
8.120000000000133e-02	3.456920e+00	1.767346e-07	0.000000e+00	4.309964e-08
8.160000000000132e-02	3.456663e+00	1.770069e-07	0.000000e+00	4.282951e-08
8.200000000000132e-02	3.456406e+00	1.772784e-07	0.000000e+00	4.256019e-08
8.240000000000132e-02	3.456148e+00	1.775491e-07	0.000000e+00	4.229171e-08
8.280000000000132e-02	3.455890e+00	1.778189e-07	0.000000e+00	4.202405e-08
8.320000000000131e-02	3.455631e+00	1.780879e-07	0.000000e+00	4.175723e-08
8.360000000000131e-02	3.455373e+00	1.783561e-07	0.000000e+00	4.149125e-08
8.400000000000131e-02	3.455113e+00	1.786235e-07	0.000000e+00	4.122610e-08
8.440000000000131e-02	3.454854e+00	1.788900e-07	0.000000e+00	4.096180e-08
8.480000000000130e-02	3.454593e+00	1.791556e-07	0.000000e+00	4.069835e-08
8.520000000000130e-02	3.454333e+00	1.794205e-07	0.000000e+00	4.043574e-08
8.560000000000130e-02	3.454072e+00	1.796844e-07	0.000000e+00	4.017398e-08
8.600000000000130e-02	3.453811e+00	1.799476e-07	0.000000e+00	3.991308e-08
8.640000000000130e-02	3.453549e+00	1.802098e-07	0.000000e+00	3.965304e-08
8.680000000000129e-02	3.453287e+00	1.804712e-07	0.000000e+00	3.939386e-08
8.720000000000129e-02	3.453024e+00	1.807318e-07	0.000000e+00	3.913554e-08
8.760000000000129e-02	3.452761e+00	1.809915e-07	0.000000e+00	3.887808e-08
8.800000000000129e-02	3.452498e+00	1.812503e-07	0.000000e+00	3.862150e-08
8.840000000000128e-02	3.452234e+00	1.815082e-07	0.000000e+00	3.836579e-08
8.880000000000128e-02	3.451970e+00	1.817653e-07	0.000000e+00	3.811095e-08
8.920000000000128e-02	3.451706e+00	1.820215e-07	0.000000e+00	3.785699e-08
8.960000000000128e-02	3.451441e+00	1.822769e-07	0.000000e+00	3.760391e-08
9.000000000000127e-02	3.451175e+00	1.825313e-07	0.000000e+00	3.735171e-08
9.040000000000127e-02	3.450910e+00	1.827849e-07	0.000000e+00	3.710040e-08
9.080000000000127e-02	3.450644e+00	1.830376e-07	0.000000e+00	3.684997e-08
9.120000000000127e-02	3.450377e+00	1.832894e-07	0.000000e+00	3.660044e-08
9.160000000000126e-02	3.450110e+00	1.835403e-07	0.000000e+00	3.635180e-08
9.200000000000126e-02	3.449843e+00	1.837903e-07	0.000000e+00	3.610405e-08
9.240000000000126e-02	3.449575e+00	1.840394e-07	0.000000e+00	3.585720e-08
9.280000000000126e-02	3.449307e+00	1.842876e-07	0.000000e+00	3.561125e-08
9.320000000000125e-02	3.449039e+00	1.845350e-07	0.000000e+00	3.536621e-08
9.360000000000125e-02	3.448770e+00	1.847814e-07	0.000000e+00	3.512207e-08
9.400000000000125e-02	3.448501e+00	1.850269e-07	0.000000e+00	3.487884e-08
9.440000000000125e-02	3.448231e+00	1.852715e-07	0.000000e+00	3.463652e-08
9.480000000000124e-02	3.447961e+00	1.855152e-07	0.000000e+00	3.439511e-08
9.520000000000124e-02	3.447690e+00	1.857580e-07	0.000000e+00	3.415462e-08
9.560000000000124e-02	3.447419e+00	1.859999e-07	0.000000e+00	3.391505e-08
9.600000000000124e-02	3.447148e+00	1.862408e-07	0.000000e+00	3.367640e-08
9.640000000000123e-02	3.446876e+00	1.864808e-07	0.000000e+00	3.343866e-08
9.680000000000123e-02	3.446604e+00	1.867200e-07	0.000000e+00	3.320186e-08
9.720000000000123e-02	3.446332e+00	1.869581e-07	0.000000e+00	3.296597e-08
9.760000000000123e-02	3.446059e+00	1.871954e-07	0.000000e+00	3.273102e-08
9.800000000000123e-02	3.445786e+00	1.874318e-07	0.000000e+00	3.249700e-08
9.840000000000122e-02	3.445512e+00	1.876672e-07	0.000000e+00	3.226391e-08
9.880000000000122e-02	3.445238e+00	1.879016e-07	0.000000e+00	3.203176e-08
9.920000000000122e-02	3.444963e+00	1.881352e-07	0.000000e+00	3.180054e-08
9.960000000000122e-02	3.444689e+00	1.883678e-07	0.000000e+00	3.157027e-08
1.000000000000012e-01	3.444413e+00	1.885995e-07	0.000000e+00	3.134093e-08
1.004000000000012e-01	3.444138e+00	1.888302e-07	0.000000e+00	3.111254e-08
1.008000000000012e-01	3.443862e+00	1.890600e-07	0.000000e+00	3.088509e-08
1.012000000000012e-01	3.443585e+00	1.892888e-07	0.000000e+00	3.065859e-08
1.016000000000012e-01	3.443308e+00	1.895167e-07	0.000000e+00	3.043304e-08
1.020000000000012e-01	3.443031e+00	1.897437e-07	0.000000e+00	3.020844e-08
1.024000000000012e-01	3.442754e+00	1.899697e-07	0.000000e+00	2.998479e-08
1.028000000000012e-01	3.442475e+00	1.901947e-07	0.000000e+00	2.976210e-08
1.032000000000012e-01	3.442197e+00	1.904188e-07	0.000000e+00	2.954036e-08
1.036000000000012e-01	3.441918e+00	1.906420e-07	0.000000e+00	2.931958e-08
1.040000000000012e-01	3.441639e+00	1.908641e-07	0.000000e+00	2.909976e-08
1.044000000000012e-01	3.441359e+00	1.910854e-07	0.000000e+00	2.888090e-08
1.048000000000012e-01	3.441079e+00	1.913056e-07	0.000000e+00	2.866301e-08
1.052000000000012e-01	3.440799e+00	1.915249e-07	0.000000e+00	2.844608e-08
1.056000000000012e-01	3.440518e+00	1.917433e-07	0.000000e+00	2.823011e-08
1.060000000000012e-01	3.440237e+00	1.919607e-07	0.000000e+00	2.801512e-08
1.064000000000012e-01	3.439955e+00	1.921771e-07	0.000000e+00	2.780109e-08
1.068000000000012e-01	3.439673e+00	1.923925e-07	0.000000e+00	2.758803e-08
1.072000000000012e-01	3.439391e+00	1.926070e-07	0.000000e+00	2.737594e-08
1.076000000000012e-01	3.439108e+00	1.928205e-07	0.000000e+00	2.716483e-08
1.080000000000012e-01	3.438825e+00	1.930330e-07	0.000000e+00	2.695469e-08
1.084000000000012e-01	3.438542e+00	1.932446e-07	0.000000e+00	2.674553e-08
1.088000000000012e-01	3.438258e+00	1.934552e-07	0.000000e+00	2.653734e-08
1.092000000000012e-01	3.437973e+00	1.936648e-07	0.000000e+00	2.633013e-08
1.096000000000012e-01	3.437689e+00	1.938734e-07	0.000000e+00	2.612391e-08
1.100000000000012e-01	3.437403e+00	1.940811e-07	0.000000e+00	2.591866e-08
1.104000000000011e-01	3.437118e+00	1.942878e-07	0.000000e+00	2.571439e-08
1.108000000000011e-01	3.436832e+00	1.944935e-07	0.000000e+00	2.551111e-08
1.112000000000011e-01	3.436546e+00	1.946982e-07	0.000000e+00	2.530881e-08
1.116000000000011e-01	3.436259e+00	1.949019e-07	0.000000e+00	2.510750e-08
1.120000000000011e-01	3.435972e+00	1.951047e-07	0.000000e+00	2.490717e-08
1.124000000000011e-01	3.435685e+00	1.953065e-07	0.000000e+00	2.470783e-08
1.128000000000011e-01	3.435397e+00	1.955072e-07	0.000000e+00	2.450948e-08
1.132000000000011e-01	3.435109e+00	1.957070e-07	0.000000e+00	2.431211e-08
1.136000000000011e-01	3.434820e+00	1.959059e-07	0.000000e+00	2.411574e-08
1.140000000000011e-01	3.434531e+00	1.961037e-07	0.000000e+00	2.392035e-08
1.144000000000011e-01	3.434242e+00	1.963005e-07	0.000000e+00	2.372596e-08
1.148000000000011e-01	3.433952e+00	1.964964e-07	0.000000e+00	2.353255e-08
1.152000000000011e-01	3.433662e+00	1.966912e-07	0.000000e+00	2.334014e-08
1.156000000000011e-01	3.433371e+00	1.968851e-07	0.000000e+00	2.314872e-08
1.160000000000011e-01	3.433080e+00	1.970780e-07	0.000000e+00	2.295830e-08
1.164000000000011e-01	3.432789e+00	1.972699e-07	0.000000e+00	2.276887e-08
1.168000000000011e-01	3.432498e+00	1.974608e-07	0.000000e+00	2.258043e-08
1.172000000000011e-01	3.432205e+00	1.976507e-07	0.000000e+00	2.239299e-08
1.176000000000011e-01	3.431913e+00	1.978396e-07	0.000000e+00	2.220654e-08
1.180000000000011e-01	3.431620e+00	1.980275e-07	0.000000e+00	2.202109e-08
1.184000000000011e-01	3.431327e+00	1.982145e-07	0.000000e+00	2.183664e-08
1.188000000000011e-01	3.431033e+00	1.984004e-07	0.000000e+00	2.165318e-08
1.192000000000011e-01	3.430739e+00	1.985854e-07	0.000000e+00	2.147071e-08
1.196000000000011e-01	3.430445e+00	1.987693e-07	0.000000e+00	2.128925e-08
1.200000000000011e-01	3.430150e+00	1.989523e-07	0.000000e+00	2.110878e-08
1.204000000000011e-01	3.429855e+00	1.991342e-07	0.000000e+00	2.092930e-08
1.208000000000011e-01	3.429560e+00	1.993152e-07	0.000000e+00	2.075083e-08
1.212000000000011e-01	3.429264e+00	1.994952e-07	0.000000e+00	2.057335e-08
1.216000000000011e-01	3.428968e+00	1.996742e-07	0.000000e+00	2.039687e-08
1.220000000000011e-01	3.428671e+00	1.998522e-07	0.000000e+00	2.022138e-08
1.224000000000011e-01	3.428374e+00	2.000291e-07	0.000000e+00	2.004689e-08
1.228000000000011e-01	3.428077e+00	2.002052e-07	0.000000e+00	1.987340e-08
1.232000000000011e-01	3.427779e+00	2.003802e-07	0.000000e+00	1.970090e-08
1.236000000000011e-01	3.427481e+00	2.005542e-07	0.000000e+00	1.952940e-08
1.240000000000011e-01	3.427182e+00	2.007272e-07	0.000000e+00	1.935889e-08
1.244000000000011e-01	3.426884e+00	2.008992e-07	0.000000e+00	1.918939e-08
1.248000000000011e-01	3.426584e+00	2.010703e-07	0.000000e+00	1.902087e-08
1.252000000000011e-01	3.426285e+00	2.012403e-07	0.000000e+00	1.885335e-08
1.256000000000011e-01	3.425985e+00	2.014094e-07	0.000000e+00	1.868682e-08
1.260000000000011e-01	3.425685e+00	2.015774e-07	0.000000e+00	1.852129e-08
1.264000000000011e-01	3.425384e+00	2.017445e-07	0.000000e+00	1.835675e-08
1.268000000000011e-01	3.425083e+00	2.019106e-07	0.000000e+00	1.819320e-08
1.272000000000011e-01	3.424781e+00	2.020757e-07	0.000000e+00	1.803065e-08
1.276000000000011e-01	3.424479e+00	2.022398e-07	0.000000e+00	1.786908e-08
1.280000000000011e-01	3.424177e+00	2.024029e-07	0.000000e+00	1.770850e-08
1.284000000000012e-01	3.423875e+00	2.025651e-07	0.000000e+00	1.754892e-08
1.288000000000012e-01	3.423572e+00	2.027262e-07	0.000000e+00	1.739032e-08
1.292000000000012e-01	3.423269e+00	2.028864e-07	0.000000e+00	1.723271e-08
1.296000000000012e-01	3.422965e+00	2.030456e-07	0.000000e+00	1.707609e-08
1.300000000000012e-01	3.422661e+00	2.032038e-07	0.000000e+00	1.692045e-08
1.304000000000012e-01	3.422357e+00	2.033610e-07	0.000000e+00	1.676580e-08
1.308000000000012e-01	3.422052e+00	2.035172e-07	0.000000e+00	1.661213e-08
1.312000000000012e-01	3.421747e+00	2.036725e-07	0.000000e+00	1.645944e-08
1.316000000000012e-01	3.421442e+00	2.038268e-07	0.000000e+00	1.630773e-08
1.320000000000013e-01	3.421136e+00	2.039801e-07	0.000000e+00	1.615701e-08
1.324000000000013e-01	3.420830e+00	2.041324e-07	0.000000e+00	1.600726e-08
1.328000000000013e-01	3.420523e+00	2.042837e-07	0.000000e+00	1.585849e-08
1.332000000000013e-01	3.420217e+00	2.044341e-07	0.000000e+00	1.571070e-08
1.336000000000013e-01	3.419909e+00	2.045835e-07	0.000000e+00	1.556388e-08
1.340000000000013e-01	3.419602e+00	2.047319e-07	0.000000e+00	1.541803e-08
1.344000000000013e-01	3.419294e+00	2.048794e-07	0.000000e+00	1.527316e-08
1.348000000000013e-01	3.418986e+00	2.050259e-07	0.000000e+00	1.512926e-08
1.352000000000013e-01	3.418677e+00	2.051714e-07	0.000000e+00	1.498632e-08
1.356000000000014e-01	3.418368e+00	2.053160e-07	0.000000e+00	1.484436e-08
1.360000000000014e-01	3.418059e+00	2.054596e-07	0.000000e+00	1.470335e-08
1.364000000000014e-01	3.417749e+00	2.056023e-07	0.000000e+00	1.456332e-08
1.368000000000014e-01	3.417439e+00	2.057440e-07	0.000000e+00	1.442424e-08
1.372000000000014e-01	3.417129e+00	2.058847e-07	0.000000e+00	1.428612e-08
1.376000000000014e-01	3.416818e+00	2.060245e-07	0.000000e+00	1.414896e-08
1.380000000000014e-01	3.416507e+00	2.061633e-07	0.000000e+00	1.401276e-08
1.384000000000014e-01	3.416196e+00	2.063011e-07	0.000000e+00	1.387751e-08
1.388000000000014e-01	3.415884e+00	2.064381e-07	0.000000e+00	1.374322e-08
1.392000000000015e-01	3.415572e+00	2.065740e-07	0.000000e+00	1.360987e-08
1.396000000000015e-01	3.415260e+00	2.067090e-07	0.000000e+00	1.347748e-08
1.400000000000015e-01	3.414947e+00	2.068431e-07	0.000000e+00	1.334602e-08
1.404000000000015e-01	3.414634e+00	2.069763e-07	0.000000e+00	1.321552e-08
1.408000000000015e-01	3.414321e+00	2.071085e-07	0.000000e+00	1.308595e-08
1.412000000000015e-01	3.414007e+00	2.072397e-07	0.000000e+00	1.295733e-08
1.416000000000015e-01	3.413693e+00	2.073701e-07	0.000000e+00	1.282964e-08
1.420000000000015e-01	3.413379e+00	2.074995e-07	0.000000e+00	1.270288e-08
1.424000000000016e-01	3.413064e+00	2.076279e-07	0.000000e+00	1.257706e-08
1.428000000000016e-01	3.412749e+00	2.077555e-07	0.000000e+00	1.245217e-08
1.432000000000016e-01	3.412434e+00	2.078821e-07	0.000000e+00	1.232820e-08
1.436000000000016e-01	3.412118e+00	2.080078e-07	0.000000e+00	1.220516e-08
1.440000000000016e-01	3.411802e+00	2.081325e-07	0.000000e+00	1.208305e-08
1.444000000000016e-01	3.411486e+00	2.082564e-07	0.000000e+00	1.196185e-08
1.448000000000016e-01	3.411169e+00	2.083793e-07	0.000000e+00	1.184157e-08
1.452000000000016e-01	3.410852e+00	2.085014e-07	0.000000e+00	1.172220e-08
1.456000000000016e-01	3.410535e+00	2.086225e-07	0.000000e+00	1.160375e-08
1.460000000000017e-01	3.410217e+00	2.087427e-07	0.000000e+00	1.148620e-08
1.464000000000017e-01	3.409899e+00	2.088620e-07	0.000000e+00	1.136956e-08
1.468000000000017e-01	3.409581e+00	2.089804e-07	0.000000e+00	1.125383e-08
1.472000000000017e-01	3.409262e+00	2.090979e-07	0.000000e+00	1.113899e-08
1.476000000000017e-01	3.408944e+00	2.092146e-07	0.000000e+00	1.102505e-08
1.480000000000017e-01	3.408624e+00	2.093303e-07	0.000000e+00	1.091201e-08
1.484000000000017e-01	3.408305e+00	2.094451e-07	0.000000e+00	1.079985e-08
1.488000000000017e-01	3.407985e+00	2.095591e-07	0.000000e+00	1.068859e-08
1.492000000000017e-01	3.407665e+00	2.096721e-07	0.000000e+00	1.057821e-08
1.496000000000018e-01	3.407345e+00	2.097843e-07	0.000000e+00	1.046871e-08
1.500000000000018e-01	3.407024e+00	2.098956e-07	0.000000e+00	1.036010e-08
1.504000000000018e-01	3.406703e+00	2.100061e-07	0.000000e+00	1.025235e-08
1.508000000000018e-01	3.406382e+00	2.101156e-07	0.000000e+00	1.014548e-08
1.512000000000018e-01	3.406060e+00	2.102243e-07	0.000000e+00	1.003948e-08
1.516000000000018e-01	3.405738e+00	2.103322e-07	0.000000e+00	9.934346e-09
1.520000000000018e-01	3.405416e+00	2.104391e-07	0.000000e+00	9.830074e-09
1.524000000000018e-01	3.405093e+00	2.105453e-07	0.000000e+00	9.726660e-09
1.528000000000019e-01	3.404770e+00	2.106505e-07	0.000000e+00	9.624102e-09
1.532000000000019e-01	3.404447e+00	2.107549e-07	0.000000e+00	9.522397e-09
1.536000000000019e-01	3.404124e+00	2.108585e-07	0.000000e+00	9.421541e-09
1.540000000000019e-01	3.403800e+00	2.109612e-07	0.000000e+00	9.321529e-09
1.544000000000019e-01	3.403476e+00	2.110631e-07	0.000000e+00	9.222360e-09
1.548000000000019e-01	3.403152e+00	2.111642e-07	0.000000e+00	9.124029e-09
1.552000000000019e-01	3.402827e+00	2.112644e-07	0.000000e+00	9.026532e-09
1.556000000000019e-01	3.402502e+00	2.113638e-07	0.000000e+00	8.929866e-09
1.560000000000019e-01	3.402177e+00	2.114623e-07	0.000000e+00	8.834027e-09
1.564000000000020e-01	3.401852e+00	2.115601e-07	0.000000e+00	8.739011e-09
1.568000000000020e-01	3.401526e+00	2.116570e-07	0.000000e+00	8.644816e-09
1.572000000000020e-01	3.401200e+00	2.117531e-07	0.000000e+00	8.551436e-09
1.576000000000020e-01	3.400874e+00	2.118484e-07	0.000000e+00	8.458868e-09
1.580000000000020e-01	3.400547e+00	2.119429e-07	0.000000e+00	8.367110e-09
1.584000000000020e-01	3.400220e+00	2.120366e-07	0.000000e+00	8.276155e-09
1.588000000000020e-01	3.399893e+00	2.121295e-07	0.000000e+00	8.186001e-09
1.592000000000020e-01	3.399566e+00	2.122216e-07	0.000000e+00	8.096643e-09
1.596000000000020e-01	3.399238e+00	2.123129e-07	0.000000e+00	8.008080e-09
1.600000000000021e-01	3.398910e+00	2.124034e-07	0.000000e+00	7.920304e-09
1.604000000000021e-01	3.398582e+00	2.124932e-07	0.000000e+00	7.833313e-09
1.608000000000021e-01	3.398254e+00	2.125821e-07	0.000000e+00	7.747103e-09
1.612000000000021e-01	3.397925e+00	2.126703e-07	0.000000e+00	7.661670e-09
1.616000000000021e-01	3.397596e+00	2.127577e-07	0.000000e+00	7.577009e-09
1.620000000000021e-01	3.397267e+00	2.128444e-07	0.000000e+00	7.493117e-09
1.624000000000021e-01	3.396937e+00	2.129303e-07	0.000000e+00	7.409990e-09
1.628000000000021e-01	3.396607e+00	2.130154e-07	0.000000e+00	7.327623e-09
1.632000000000021e-01	3.396277e+00	2.130998e-07	0.000000e+00	7.246012e-09
1.636000000000022e-01	3.395947e+00	2.131834e-07	0.000000e+00	7.165154e-09
1.640000000000022e-01	3.395617e+00	2.132663e-07	0.000000e+00	7.085044e-09
1.644000000000022e-01	3.395286e+00	2.133484e-07	0.000000e+00	7.005677e-09
1.648000000000022e-01	3.394955e+00	2.134298e-07	0.000000e+00	6.927050e-09
1.652000000000022e-01	3.394623e+00	2.135105e-07	0.000000e+00	6.849159e-09
1.656000000000022e-01	3.394292e+00	2.135904e-07	0.000000e+00	6.771998e-09
1.660000000000022e-01	3.393960e+00	2.136696e-07	0.000000e+00	6.695564e-09
1.664000000000022e-01	3.393628e+00	2.137481e-07	0.000000e+00	6.619853e-09
1.668000000000023e-01	3.393296e+00	2.138259e-07	0.000000e+00	6.544859e-09
1.672000000000023e-01	3.392963e+00	2.139029e-07	0.000000e+00	6.470580e-09
1.676000000000023e-01	3.392630e+00	2.139793e-07	0.000000e+00	6.397010e-09
1.680000000000023e-01	3.392297e+00	2.140549e-07	0.000000e+00	6.324146e-09
1.684000000000023e-01	3.391964e+00	2.141299e-07	0.000000e+00	6.251983e-09
1.688000000000023e-01	3.391631e+00	2.142041e-07	0.000000e+00	6.180516e-09
1.692000000000023e-01	3.391297e+00	2.142777e-07	0.000000e+00	6.109741e-09
1.696000000000023e-01	3.390963e+00	2.143506e-07	0.000000e+00	6.039654e-09
1.700000000000023e-01	3.390629e+00	2.144228e-07	0.000000e+00	5.970250e-09
1.704000000000024e-01	3.390294e+00	2.144943e-07	0.000000e+00	5.901525e-09
1.708000000000024e-01	3.389960e+00	2.145651e-07	0.000000e+00	5.833475e-09
1.712000000000024e-01	3.389625e+00	2.146353e-07	0.000000e+00	5.766095e-09
1.716000000000024e-01	3.389290e+00	2.147048e-07	0.000000e+00	5.699381e-09
1.720000000000024e-01	3.388954e+00	2.147737e-07	0.000000e+00	5.633328e-09
1.724000000000024e-01	3.388619e+00	2.148419e-07	0.000000e+00	5.567931e-09
1.728000000000024e-01	3.388283e+00	2.149094e-07	0.000000e+00	5.503187e-09
1.732000000000024e-01	3.387947e+00	2.149763e-07	0.000000e+00	5.439091e-09
1.736000000000024e-01	3.387611e+00	2.150426e-07	0.000000e+00	5.375638e-09
1.740000000000025e-01	3.387275e+00	2.151082e-07	0.000000e+00	5.312824e-09
1.744000000000025e-01	3.386938e+00	2.151732e-07	0.000000e+00	5.250645e-09
1.748000000000025e-01	3.386601e+00	2.152376e-07	0.000000e+00	5.189096e-09
1.752000000000025e-01	3.386264e+00	2.153013e-07	0.000000e+00	5.128172e-09
1.756000000000025e-01	3.385927e+00	2.153644e-07	0.000000e+00	5.067869e-09
1.760000000000025e-01	3.385589e+00	2.154269e-07	0.000000e+00	5.008183e-09
1.764000000000025e-01	3.385252e+00	2.154888e-07	0.000000e+00	4.949110e-09
1.768000000000025e-01	3.384914e+00	2.155501e-07	0.000000e+00	4.890643e-09
1.772000000000025e-01	3.384576e+00	2.156108e-07	0.000000e+00	4.832780e-09
1.776000000000026e-01	3.384237e+00	2.156709e-07	0.000000e+00	4.775516e-09
1.780000000000026e-01	3.383899e+00	2.157304e-07	0.000000e+00	4.718845e-09
1.784000000000026e-01	3.383560e+00	2.157893e-07	0.000000e+00	4.662765e-09
1.788000000000026e-01	3.383221e+00	2.158476e-07	0.000000e+00	4.607270e-09
1.792000000000026e-01	3.382882e+00	2.159053e-07	0.000000e+00	4.552355e-09
1.796000000000026e-01	3.382543e+00	2.159625e-07	0.000000e+00	4.498017e-09
1.800000000000026e-01	3.382203e+00	2.160191e-07	0.000000e+00	4.444251e-09
1.804000000000026e-01	3.381864e+00	2.160752e-07	0.000000e+00	4.391052e-09
1.808000000000027e-01	3.381524e+00	2.161306e-07	0.000000e+00	4.338416e-09
1.812000000000027e-01	3.381184e+00	2.161855e-07	0.000000e+00	4.286339e-09
1.816000000000027e-01	3.380844e+00	2.162399e-07	0.000000e+00	4.234816e-09
1.820000000000027e-01	3.380503e+00	2.162937e-07	0.000000e+00	4.183843e-09
1.824000000000027e-01	3.380163e+00	2.163470e-07	0.000000e+00	4.133414e-09
1.828000000000027e-01	3.379822e+00	2.163997e-07	0.000000e+00	4.083527e-09
1.832000000000027e-01	3.379481e+00	2.164519e-07	0.000000e+00	4.034177e-09
1.836000000000027e-01	3.379140e+00	2.165036e-07	0.000000e+00	3.985358e-09
1.840000000000027e-01	3.378798e+00	2.165547e-07	0.000000e+00	3.937067e-09
1.844000000000028e-01	3.378457e+00	2.166053e-07	0.000000e+00	3.889299e-09
1.848000000000028e-01	3.378115e+00	2.166554e-07	0.000000e+00	3.842050e-09
1.852000000000028e-01	3.377774e+00	2.167050e-07	0.000000e+00	3.795316e-09
1.856000000000028e-01	3.377431e+00	2.167540e-07	0.000000e+00	3.749092e-09
1.860000000000028e-01	3.377089e+00	2.168026e-07	0.000000e+00	3.703374e-09
1.864000000000028e-01	3.376747e+00	2.168507e-07	0.000000e+00	3.658158e-09
1.868000000000028e-01	3.376405e+00	2.168982e-07	0.000000e+00	3.613439e-09
1.872000000000028e-01	3.376062e+00	2.169453e-07	0.000000e+00	3.569213e-09
1.876000000000028e-01	3.375719e+00	2.169919e-07	0.000000e+00	3.525476e-09
1.880000000000029e-01	3.375376e+00	2.170380e-07	0.000000e+00	3.482224e-09
1.884000000000029e-01	3.375033e+00	2.170837e-07	0.000000e+00	3.439451e-09
1.888000000000029e-01	3.374690e+00	2.171288e-07	0.000000e+00	3.397155e-09
1.892000000000029e-01	3.374346e+00	2.171735e-07	0.000000e+00	3.355330e-09
1.896000000000029e-01	3.374002e+00	2.172177e-07	0.000000e+00	3.313973e-09
1.900000000000029e-01	3.373659e+00	2.172615e-07	0.000000e+00	3.273080e-09
1.904000000000029e-01	3.373315e+00	2.173048e-07	0.000000e+00	3.232646e-09
1.908000000000029e-01	3.372971e+00	2.173476e-07	0.000000e+00	3.192667e-09
1.912000000000030e-01	3.372626e+00	2.173900e-07	0.000000e+00	3.153138e-09
1.916000000000030e-01	3.372282e+00	2.174319e-07	0.000000e+00	3.114057e-09
1.920000000000030e-01	3.371937e+00	2.174734e-07	0.000000e+00	3.075419e-09
1.924000000000030e-01	3.371593e+00	2.175145e-07	0.000000e+00	3.037219e-09
1.928000000000030e-01	3.371248e+00	2.175551e-07	0.000000e+00	2.999454e-09
1.932000000000030e-01	3.370903e+00	2.175953e-07	0.000000e+00	2.962119e-09
1.936000000000030e-01	3.370558e+00	2.176351e-07	0.000000e+00	2.925211e-09
1.940000000000030e-01	3.370212e+00	2.176745e-07	0.000000e+00	2.888725e-09
1.944000000000030e-01	3.369867e+00	2.177134e-07	0.000000e+00	2.852659e-09
1.948000000000031e-01	3.369521e+00	2.177519e-07	0.000000e+00	2.817006e-09
1.952000000000031e-01	3.369176e+00	2.177901e-07	0.000000e+00	2.781764e-09
1.956000000000031e-01	3.368830e+00	2.178278e-07	0.000000e+00	2.746929e-09
1.960000000000031e-01	3.368484e+00	2.178651e-07	0.000000e+00	2.712497e-09
1.964000000000031e-01	3.368138e+00	2.179020e-07	0.000000e+00	2.678464e-09
1.968000000000031e-01	3.367792e+00	2.179385e-07	0.000000e+00	2.644826e-09
1.972000000000031e-01	3.367445e+00	2.179746e-07	0.000000e+00	2.611579e-09
1.976000000000031e-01	3.367099e+00	2.180104e-07	0.000000e+00	2.578719e-09
1.980000000000031e-01	3.366752e+00	2.180457e-07	0.000000e+00	2.546243e-09
1.984000000000032e-01	3.366405e+00	2.180807e-07	0.000000e+00	2.514147e-09
1.988000000000032e-01	3.366058e+00	2.181153e-07	0.000000e+00	2.482427e-09
1.992000000000032e-01	3.365711e+00	2.181495e-07	0.000000e+00	2.451079e-09
1.996000000000032e-01	3.365364e+00	2.181834e-07	0.000000e+00	2.420100e-09
2.000000000000000e-01	3.365017e+00	2.182169e-07	0.000000e+00	2.389486e-09
