iin	V(iin)	I(Iin)	I(Iout)	I(Vdd)	I(Vout)
1.000000000000000e-07	4.255155e+00	1.000000e-07	1.159478e-07	-2.159478e-07	1.159478e-07
1.999000000000000e-07	4.205122e+00	1.999000e-07	2.273593e-07	-4.272593e-07	2.273593e-07
2.998000000000000e-07	4.169451e+00	2.998000e-07	3.373944e-07	-6.371944e-07	3.373944e-07
3.997000000000000e-07	4.140466e+00	3.997000e-07	4.466547e-07	-8.463547e-07	4.466547e-07
4.996000000000001e-07	4.115469e+00	4.996000e-07	5.553920e-07	-1.054992e-06	5.553920e-07
5.995000000000000e-07	4.093275e+00	5.995000e-07	6.637413e-07	-1.263241e-06	6.637413e-07
6.994000000000000e-07	4.073090e+00	6.994000e-07	7.717854e-07	-1.471185e-06	7.717854e-07
7.993000000000000e-07	4.054462e+00	7.993000e-07	8.795796e-07	-1.678880e-06	8.795796e-07
8.992000000000000e-07	4.037087e+00	8.992000e-07	9.871632e-07	-1.886363e-06	9.871632e-07
9.991000000000001e-07	4.020745e+00	9.991001e-07	1.094565e-06	-2.093665e-06	1.094565e-06
1.099000000000000e-06	4.005272e+00	1.099000e-06	1.201809e-06	-2.300809e-06	1.201809e-06
1.198900000000000e-06	3.990545e+00	1.198900e-06	1.308910e-06	-2.507810e-06	1.308910e-06
1.298800000000000e-06	3.976465e+00	1.298800e-06	1.415885e-06	-2.714685e-06	1.415885e-06
1.398700000000000e-06	3.962954e+00	1.398700e-06	1.522745e-06	-2.921445e-06	1.522745e-06
1.498600000000001e-06	3.949947e+00	1.498600e-06	1.629499e-06	-3.128099e-06	1.629499e-06
1.598500000000001e-06	3.937392e+00	1.598500e-06	1.736156e-06	-3.334656e-06	1.736156e-06
1.698400000000001e-06	3.925245e+00	1.698400e-06	1.842723e-06	-3.541123e-06	1.842723e-06
1.798300000000001e-06	3.913467e+00	1.798300e-06	1.949206e-06	-3.747506e-06	1.949206e-06
1.898200000000001e-06	3.902026e+00	1.898200e-06	2.055611e-06	-3.953811e-06	2.055611e-06
1.998100000000001e-06	3.890895e+00	1.998100e-06	2.161942e-06	-4.160042e-06	2.161942e-06
2.098000000000001e-06	3.880049e+00	2.098000e-06	2.268203e-06	-4.366203e-06	2.268203e-06
2.197900000000001e-06	3.869467e+00	2.197900e-06	2.374399e-06	-4.572299e-06	2.374399e-06
2.297800000000001e-06	3.859130e+00	2.297800e-06	2.480532e-06	-4.778332e-06	2.480532e-06
2.397700000000001e-06	3.849021e+00	2.397700e-06	2.586606e-06	-4.984306e-06	2.586606e-06
2.497600000000001e-06	3.839126e+00	2.497600e-06	2.692623e-06	-5.190223e-06	2.692623e-06
2.597500000000001e-06	3.829431e+00	2.597500e-06	2.798585e-06	-5.396085e-06	2.798585e-06
2.697400000000001e-06	3.819924e+00	2.697400e-06	2.904496e-06	-5.601896e-06	2.904496e-06
2.797300000000002e-06	3.810594e+00	2.797300e-06	3.010357e-06	-5.807657e-06	3.010357e-06
2.897200000000002e-06	3.801431e+00	2.897200e-06	3.116170e-06	-6.013370e-06	3.116170e-06
2.997100000000002e-06	3.792426e+00	2.997100e-06	3.221937e-06	-6.219037e-06	3.221937e-06
3.097000000000002e-06	3.783571e+00	3.097000e-06	3.327659e-06	-6.424659e-06	3.327659e-06
3.196900000000002e-06	3.774859e+00	3.196900e-06	3.433338e-06	-6.630238e-06	3.433338e-06
3.296800000000002e-06	3.766282e+00	3.296800e-06	3.538976e-06	-6.835776e-06	3.538976e-06
3.396700000000002e-06	3.757834e+00	3.396700e-06	3.644573e-06	-7.041273e-06	3.644573e-06
3.496600000000002e-06	3.749509e+00	3.496600e-06	3.750131e-06	-7.246731e-06	3.750131e-06
3.596500000000002e-06	3.741302e+00	3.596500e-06	3.855651e-06	-7.452151e-06	3.855651e-06
3.696400000000002e-06	3.733207e+00	3.696400e-06	3.961135e-06	-7.657535e-06	3.961135e-06
3.796300000000003e-06	3.725219e+00	3.796300e-06	4.066582e-06	-7.862883e-06	4.066582e-06
3.896200000000003e-06	3.717336e+00	3.896200e-06	4.171995e-06	-8.068195e-06	4.171995e-06
3.996100000000002e-06	3.709551e+00	3.996100e-06	4.277374e-06	-8.273474e-06	4.277374e-06
4.096000000000002e-06	3.701862e+00	4.096000e-06	4.382720e-06	-8.478720e-06	4.382720e-06
4.195900000000002e-06	3.694264e+00	4.195900e-06	4.488033e-06	-8.683933e-06	4.488033e-06
4.295800000000001e-06	3.686755e+00	4.295800e-06	4.593315e-06	-8.889115e-06	4.593315e-06
4.395700000000001e-06	3.679331e+00	4.395700e-06	4.698566e-06	-9.094266e-06	4.698566e-06
4.495600000000001e-06	3.671989e+00	4.495600e-06	4.803787e-06	-9.299387e-06	4.803787e-06
4.595500000000000e-06	3.664726e+00	4.595500e-06	4.908979e-06	-9.504479e-06	4.908979e-06
4.695400000000000e-06	3.657540e+00	4.695400e-06	5.014141e-06	-9.709542e-06	5.014141e-06
4.795300000000000e-06	3.650428e+00	4.795300e-06	5.119276e-06	-9.914575e-06	5.119276e-06
4.895199999999999e-06	3.643387e+00	4.895200e-06	5.224383e-06	-1.011958e-05	5.224383e-06
4.995099999999999e-06	3.636416e+00	4.995100e-06	5.329462e-06	-1.032456e-05	5.329462e-06
5.094999999999999e-06	3.629512e+00	5.095000e-06	5.434515e-06	-1.052951e-05	5.434515e-06
5.194899999999998e-06	3.622673e+00	5.194900e-06	5.539542e-06	-1.073444e-05	5.539542e-06
5.294799999999998e-06	3.615897e+00	5.294800e-06	5.644543e-06	-1.093934e-05	5.644543e-06
5.394699999999998e-06	3.609183e+00	5.394700e-06	5.749519e-06	-1.114422e-05	5.749519e-06
5.494599999999997e-06	3.602528e+00	5.494600e-06	5.854471e-06	-1.134907e-05	5.854471e-06
5.594499999999997e-06	3.595931e+00	5.594500e-06	5.959398e-06	-1.155390e-05	5.959398e-06
5.694399999999997e-06	3.589390e+00	5.694400e-06	6.064301e-06	-1.175870e-05	6.064301e-06
5.794299999999996e-06	3.582904e+00	5.794300e-06	6.169181e-06	-1.196348e-05	6.169181e-06
5.894199999999996e-06	3.576471e+00	5.894200e-06	6.274037e-06	-1.216824e-05	6.274037e-06
5.994099999999996e-06	3.570090e+00	5.994100e-06	6.378871e-06	-1.237297e-05	6.378871e-06
6.093999999999995e-06	3.563760e+00	6.094000e-06	6.483682e-06	-1.257768e-05	6.483682e-06
6.193899999999995e-06	3.557479e+00	6.193900e-06	6.588471e-06	-1.278237e-05	6.588471e-06
6.293799999999995e-06	3.551246e+00	6.293800e-06	6.693238e-06	-1.298704e-05	6.693238e-06
6.393699999999994e-06	3.545060e+00	6.393700e-06	6.797984e-06	-1.319168e-05	6.797984e-06
6.493599999999994e-06	3.538919e+00	6.493600e-06	6.902709e-06	-1.339631e-05	6.902709e-06
6.593499999999994e-06	3.532823e+00	6.593500e-06	7.007413e-06	-1.360091e-05	7.007413e-06
6.693399999999993e-06	3.526771e+00	6.693400e-06	7.112097e-06	-1.380550e-05	7.112097e-06
6.793299999999993e-06	3.520761e+00	6.793300e-06	7.216760e-06	-1.401006e-05	7.216760e-06
6.893199999999993e-06	3.514793e+00	6.893200e-06	7.321402e-06	-1.421460e-05	7.321402e-06
6.993099999999992e-06	3.508865e+00	6.993100e-06	7.426026e-06	-1.441913e-05	7.426026e-06
7.092999999999992e-06	3.502977e+00	7.093000e-06	7.530629e-06	-1.462363e-05	7.530629e-06
7.192899999999992e-06	3.497128e+00	7.192900e-06	7.635213e-06	-1.482811e-05	7.635213e-06
7.292799999999991e-06	3.491317e+00	7.292800e-06	7.739779e-06	-1.503258e-05	7.739779e-06
7.392699999999991e-06	3.485543e+00	7.392700e-06	7.844325e-06	-1.523702e-05	7.844325e-06
7.492599999999991e-06	3.479806e+00	7.492600e-06	7.948853e-06	-1.544145e-05	7.948853e-06
7.592499999999990e-06	3.474104e+00	7.592500e-06	8.053362e-06	-1.564586e-05	8.053362e-06
7.692399999999991e-06	3.468437e+00	7.692400e-06	8.157853e-06	-1.585025e-05	8.157853e-06
7.792299999999991e-06	3.462805e+00	7.792300e-06	8.262326e-06	-1.605463e-05	8.262326e-06
7.892199999999992e-06	3.457206e+00	7.892200e-06	8.366782e-06	-1.625898e-05	8.366782e-06
7.992099999999992e-06	3.451640e+00	7.992100e-06	8.471219e-06	-1.646332e-05	8.471219e-06
8.091999999999993e-06	3.446106e+00	8.092000e-06	8.575640e-06	-1.666764e-05	8.575640e-06
8.191899999999994e-06	3.440604e+00	8.191900e-06	8.680043e-06	-1.687194e-05	8.680043e-06
8.291799999999994e-06	3.435133e+00	8.291800e-06	8.784428e-06	-1.707623e-05	8.784428e-06
8.391699999999995e-06	3.429692e+00	8.391700e-06	8.888797e-06	-1.728050e-05	8.888797e-06
8.491599999999995e-06	3.424282e+00	8.491600e-06	8.993150e-06	-1.748475e-05	8.993150e-06
8.591499999999996e-06	3.418900e+00	8.591500e-06	9.097486e-06	-1.768899e-05	9.097486e-06
8.691399999999996e-06	3.413548e+00	8.691400e-06	9.201805e-06	-1.789321e-05	9.201805e-06
8.791299999999997e-06	3.408224e+00	8.791300e-06	9.306108e-06	-1.809741e-05	9.306108e-06
8.891199999999997e-06	3.402928e+00	8.891200e-06	9.410395e-06	-1.830159e-05	9.410395e-06
8.991099999999998e-06	3.397659e+00	8.991100e-06	9.514666e-06	-1.850577e-05	9.514666e-06
9.090999999999998e-06	3.392417e+00	9.091000e-06	9.618921e-06	-1.870992e-05	9.618921e-06
9.190899999999999e-06	3.387201e+00	9.190900e-06	9.723161e-06	-1.891406e-05	9.723161e-06
9.290799999999999e-06	3.382011e+00	9.290800e-06	9.827386e-06	-1.911819e-05	9.827386e-06
9.390700000000000e-06	3.376847e+00	9.390700e-06	9.931594e-06	-1.932229e-05	9.931594e-06
9.490600000000000e-06	3.371708e+00	9.490600e-06	1.003579e-05	-1.952639e-05	1.003579e-05
9.590500000000001e-06	3.366594e+00	9.590500e-06	1.013997e-05	-1.973047e-05	1.013997e-05
9.690400000000001e-06	3.361504e+00	9.690400e-06	1.024413e-05	-1.993453e-05	1.024413e-05
9.790300000000002e-06	3.356438e+00	9.790300e-06	1.034828e-05	-2.013858e-05	1.034828e-05
9.890200000000002e-06	3.351396e+00	9.890200e-06	1.045241e-05	-2.034261e-05	1.045241e-05
9.990100000000003e-06	3.346376e+00	9.990100e-06	1.055653e-05	-2.054663e-05	1.055653e-05
1.009000000000000e-05	3.341380e+00	1.009000e-05	1.066063e-05	-2.075063e-05	1.066063e-05
1.018990000000000e-05	3.336406e+00	1.018990e-05	1.076472e-05	-2.095463e-05	1.076472e-05
1.028980000000000e-05	3.331454e+00	1.028980e-05	1.086880e-05	-2.115860e-05	1.086880e-05
1.038970000000000e-05	3.326524e+00	1.038970e-05	1.097286e-05	-2.136256e-05	1.097286e-05
1.048960000000001e-05	3.321615e+00	1.048960e-05	1.107691e-05	-2.156651e-05	1.107691e-05
1.058950000000001e-05	3.316728e+00	1.058950e-05	1.118094e-05	-2.177044e-05	1.118094e-05
1.068940000000001e-05	3.311861e+00	1.068940e-05	1.128496e-05	-2.197436e-05	1.128496e-05
1.078930000000001e-05	3.307015e+00	1.078930e-05	1.138897e-05	-2.217827e-05	1.138897e-05
1.088920000000001e-05	3.302189e+00	1.088920e-05	1.149296e-05	-2.238216e-05	1.149296e-05
1.098910000000001e-05	3.297384e+00	1.098910e-05	1.159694e-05	-2.258604e-05	1.159694e-05
1.108900000000001e-05	3.292597e+00	1.108900e-05	1.170090e-05	-2.278990e-05	1.170090e-05
1.118890000000001e-05	3.287831e+00	1.118890e-05	1.180485e-05	-2.299375e-05	1.180485e-05
1.128880000000001e-05	3.283083e+00	1.128880e-05	1.190879e-05	-2.319759e-05	1.190879e-05
1.138870000000001e-05	3.278354e+00	1.138870e-05	1.201272e-05	-2.340142e-05	1.201272e-05
1.148860000000001e-05	3.273644e+00	1.148860e-05	1.211663e-05	-2.360523e-05	1.211663e-05
1.158850000000001e-05	3.268952e+00	1.158850e-05	1.222053e-05	-2.380903e-05	1.222053e-05
1.168840000000001e-05	3.264279e+00	1.168840e-05	1.232441e-05	-2.401281e-05	1.232441e-05
1.178830000000001e-05	3.259623e+00	1.178830e-05	1.242829e-05	-2.421659e-05	1.242829e-05
1.188820000000001e-05	3.254985e+00	1.188820e-05	1.253215e-05	-2.442035e-05	1.253215e-05
1.198810000000001e-05	3.250364e+00	1.198810e-05	1.263599e-05	-2.462409e-05	1.263599e-05
1.208800000000001e-05	3.245761e+00	1.208800e-05	1.273983e-05	-2.482783e-05	1.273983e-05
1.218790000000001e-05	3.241174e+00	1.218790e-05	1.284365e-05	-2.503155e-05	1.284365e-05
1.228780000000001e-05	3.236605e+00	1.228780e-05	1.294746e-05	-2.523526e-05	1.294746e-05
1.238770000000002e-05	3.232052e+00	1.238770e-05	1.305126e-05	-2.543896e-05	1.305126e-05
1.248760000000002e-05	3.227515e+00	1.248760e-05	1.315504e-05	-2.564264e-05	1.315504e-05
1.258750000000002e-05	3.222994e+00	1.258750e-05	1.325881e-05	-2.584632e-05	1.325881e-05
1.268740000000002e-05	3.218489e+00	1.268740e-05	1.336257e-05	-2.604997e-05	1.336257e-05
1.278730000000002e-05	3.214000e+00	1.278730e-05	1.346632e-05	-2.625362e-05	1.346632e-05
1.288720000000002e-05	3.209527e+00	1.288720e-05	1.357006e-05	-2.645726e-05	1.357006e-05
1.298710000000002e-05	3.205069e+00	1.298710e-05	1.367378e-05	-2.666088e-05	1.367378e-05
1.308700000000002e-05	3.200626e+00	1.308700e-05	1.377750e-05	-2.686449e-05	1.377750e-05
1.318690000000002e-05	3.196198e+00	1.318690e-05	1.388119e-05	-2.706810e-05	1.388119e-05
1.328680000000002e-05	3.191785e+00	1.328680e-05	1.398488e-05	-2.727168e-05	1.398488e-05
1.338670000000002e-05	3.187387e+00	1.338670e-05	1.408856e-05	-2.747526e-05	1.408856e-05
1.348660000000002e-05	3.183003e+00	1.348660e-05	1.419222e-05	-2.767883e-05	1.419222e-05
1.358650000000002e-05	3.178634e+00	1.358650e-05	1.429588e-05	-2.788238e-05	1.429588e-05
1.368640000000002e-05	3.174278e+00	1.368640e-05	1.439952e-05	-2.808592e-05	1.439952e-05
1.378630000000002e-05	3.169937e+00	1.378630e-05	1.450315e-05	-2.828945e-05	1.450315e-05
1.388620000000002e-05	3.165610e+00	1.388620e-05	1.460677e-05	-2.849297e-05	1.460677e-05
1.398610000000002e-05	3.161296e+00	1.398610e-05	1.471038e-05	-2.869648e-05	1.471038e-05
1.408600000000002e-05	3.156996e+00	1.408600e-05	1.481397e-05	-2.889997e-05	1.481397e-05
1.418590000000002e-05	3.152709e+00	1.418590e-05	1.491756e-05	-2.910346e-05	1.491756e-05
1.428580000000003e-05	3.148435e+00	1.428580e-05	1.502113e-05	-2.930693e-05	1.502113e-05
1.438570000000003e-05	3.144175e+00	1.438570e-05	1.512469e-05	-2.951039e-05	1.512469e-05
1.448560000000003e-05	3.139927e+00	1.448560e-05	1.522824e-05	-2.971384e-05	1.522824e-05
1.458550000000003e-05	3.135693e+00	1.458550e-05	1.533179e-05	-2.991728e-05	1.533179e-05
1.468540000000003e-05	3.131471e+00	1.468540e-05	1.543531e-05	-3.012071e-05	1.543531e-05
1.478530000000003e-05	3.127261e+00	1.478530e-05	1.553883e-05	-3.032413e-05	1.553883e-05
1.488520000000003e-05	3.123065e+00	1.488520e-05	1.564234e-05	-3.052754e-05	1.564234e-05
1.498510000000003e-05	3.118880e+00	1.498510e-05	1.574584e-05	-3.073093e-05	1.574584e-05
1.508500000000003e-05	3.114707e+00	1.508500e-05	1.584932e-05	-3.093432e-05	1.584932e-05
1.518490000000003e-05	3.110547e+00	1.518490e-05	1.595280e-05	-3.113770e-05	1.595280e-05
1.528480000000003e-05	3.106398e+00	1.528480e-05	1.605626e-05	-3.134106e-05	1.605626e-05
1.538470000000003e-05	3.102262e+00	1.538470e-05	1.615971e-05	-3.154441e-05	1.615971e-05
1.548460000000003e-05	3.098136e+00	1.548460e-05	1.626316e-05	-3.174776e-05	1.626316e-05
1.558450000000003e-05	3.094023e+00	1.558450e-05	1.636659e-05	-3.195109e-05	1.636659e-05
1.568440000000003e-05	3.089921e+00	1.568440e-05	1.647001e-05	-3.215441e-05	1.647001e-05
1.578430000000002e-05	3.085830e+00	1.578430e-05	1.657342e-05	-3.235772e-05	1.657342e-05
1.588420000000002e-05	3.081751e+00	1.588420e-05	1.667682e-05	-3.256102e-05	1.667682e-05
1.598410000000002e-05	3.077682e+00	1.598410e-05	1.678021e-05	-3.276431e-05	1.678021e-05
1.608400000000002e-05	3.073625e+00	1.608400e-05	1.688359e-05	-3.296759e-05	1.688359e-05
1.618390000000002e-05	3.069579e+00	1.618390e-05	1.698696e-05	-3.317086e-05	1.698696e-05
1.628380000000002e-05	3.065543e+00	1.628380e-05	1.709032e-05	-3.337412e-05	1.709032e-05
1.638370000000002e-05	3.061518e+00	1.638370e-05	1.719367e-05	-3.357737e-05	1.719367e-05
1.648360000000002e-05	3.057504e+00	1.648360e-05	1.729701e-05	-3.378061e-05	1.729701e-05
1.658350000000001e-05	3.053500e+00	1.658350e-05	1.740034e-05	-3.398384e-05	1.740034e-05
1.668340000000001e-05	3.049507e+00	1.668340e-05	1.750366e-05	-3.418706e-05	1.750366e-05
1.678330000000001e-05	3.045524e+00	1.678330e-05	1.760697e-05	-3.439026e-05	1.760697e-05
1.688320000000001e-05	3.041551e+00	1.688320e-05	1.771026e-05	-3.459346e-05	1.771026e-05
1.698310000000001e-05	3.037588e+00	1.698310e-05	1.781355e-05	-3.479665e-05	1.781355e-05
1.708300000000001e-05	3.033635e+00	1.708300e-05	1.791683e-05	-3.499983e-05	1.791683e-05
1.718290000000001e-05	3.029693e+00	1.718290e-05	1.802010e-05	-3.520300e-05	1.802010e-05
1.728280000000001e-05	3.025760e+00	1.728280e-05	1.812336e-05	-3.540616e-05	1.812336e-05
1.738270000000001e-05	3.021837e+00	1.738270e-05	1.822661e-05	-3.560931e-05	1.822661e-05
1.748260000000000e-05	3.017923e+00	1.748260e-05	1.832985e-05	-3.581245e-05	1.832985e-05
1.758250000000000e-05	3.014019e+00	1.758250e-05	1.843308e-05	-3.601558e-05	1.843308e-05
1.768240000000000e-05	3.010125e+00	1.768240e-05	1.853630e-05	-3.621869e-05	1.853630e-05
1.778230000000000e-05	3.006240e+00	1.778230e-05	1.863951e-05	-3.642181e-05	1.863951e-05
1.788220000000000e-05	3.002364e+00	1.788220e-05	1.874271e-05	-3.662491e-05	1.874271e-05
1.798210000000000e-05	2.998497e+00	1.798210e-05	1.884590e-05	-3.682800e-05	1.884590e-05
1.808200000000000e-05	2.994640e+00	1.808200e-05	1.894908e-05	-3.703108e-05	1.894908e-05
1.818190000000000e-05	2.990792e+00	1.818190e-05	1.905225e-05	-3.723415e-05	1.905225e-05
1.828179999999999e-05	2.986953e+00	1.828180e-05	1.915541e-05	-3.743721e-05	1.915541e-05
1.838169999999999e-05	2.983123e+00	1.838170e-05	1.925856e-05	-3.764026e-05	1.925856e-05
1.848159999999999e-05	2.979301e+00	1.848160e-05	1.936171e-05	-3.784331e-05	1.936171e-05
1.858149999999999e-05	2.975489e+00	1.858150e-05	1.946484e-05	-3.804634e-05	1.946484e-05
1.868139999999999e-05	2.971685e+00	1.868140e-05	1.956796e-05	-3.824936e-05	1.956796e-05
1.878129999999999e-05	2.967890e+00	1.878130e-05	1.967108e-05	-3.845238e-05	1.967108e-05
1.888119999999999e-05	2.964103e+00	1.888120e-05	1.977418e-05	-3.865538e-05	1.977418e-05
1.898109999999999e-05	2.960325e+00	1.898110e-05	1.987728e-05	-3.885838e-05	1.987728e-05
1.908099999999999e-05	2.956556e+00	1.908100e-05	1.998037e-05	-3.906137e-05	1.998037e-05
1.918089999999998e-05	2.952795e+00	1.918090e-05	2.008344e-05	-3.926435e-05	2.008344e-05
1.928079999999998e-05	2.949042e+00	1.928080e-05	2.018651e-05	-3.946731e-05	2.018651e-05
1.938069999999998e-05	2.945297e+00	1.938070e-05	2.028957e-05	-3.967027e-05	2.028957e-05
1.948059999999998e-05	2.941561e+00	1.948060e-05	2.039262e-05	-3.987322e-05	2.039262e-05
1.958049999999998e-05	2.937832e+00	1.958050e-05	2.049566e-05	-4.007616e-05	2.049566e-05
1.968039999999998e-05	2.934112e+00	1.968040e-05	2.059869e-05	-4.027909e-05	2.059869e-05
1.978029999999998e-05	2.930399e+00	1.978030e-05	2.070172e-05	-4.048202e-05	2.070172e-05
1.988019999999998e-05	2.926695e+00	1.988020e-05	2.080473e-05	-4.068493e-05	2.080473e-05
1.998009999999997e-05	2.922998e+00	1.998010e-05	2.090773e-05	-4.088783e-05	2.090773e-05
2.007999999999997e-05	2.919309e+00	2.008000e-05	2.101073e-05	-4.109073e-05	2.101073e-05
2.017989999999997e-05	2.915628e+00	2.017990e-05	2.111372e-05	-4.129362e-05	2.111372e-05
2.027979999999997e-05	2.911955e+00	2.027980e-05	2.121669e-05	-4.149649e-05	2.121669e-05
2.037969999999997e-05	2.908289e+00	2.037970e-05	2.131966e-05	-4.169936e-05	2.131966e-05
2.047959999999997e-05	2.904631e+00	2.047960e-05	2.142262e-05	-4.190222e-05	2.142262e-05
2.057949999999997e-05	2.900980e+00	2.057950e-05	2.152557e-05	-4.210507e-05	2.152557e-05
2.067939999999997e-05	2.897336e+00	2.067940e-05	2.162851e-05	-4.230791e-05	2.162851e-05
2.077929999999997e-05	2.893701e+00	2.077930e-05	2.173145e-05	-4.251075e-05	2.173145e-05
2.087919999999996e-05	2.890072e+00	2.087920e-05	2.183437e-05	-4.271357e-05	2.183437e-05
2.097909999999996e-05	2.886451e+00	2.097910e-05	2.193729e-05	-4.291639e-05	2.193729e-05
2.107899999999996e-05	2.882837e+00	2.107900e-05	2.204019e-05	-4.311919e-05	2.204019e-05
2.117889999999996e-05	2.879230e+00	2.117890e-05	2.214309e-05	-4.332199e-05	2.214309e-05
2.127879999999996e-05	2.875630e+00	2.127880e-05	2.224598e-05	-4.352478e-05	2.224598e-05
2.137869999999996e-05	2.872037e+00	2.137870e-05	2.234886e-05	-4.372756e-05	2.234886e-05
2.147859999999996e-05	2.868452e+00	2.147860e-05	2.245173e-05	-4.393033e-05	2.245173e-05
2.157849999999996e-05	2.864873e+00	2.157850e-05	2.255460e-05	-4.413310e-05	2.255460e-05
2.167839999999995e-05	2.861301e+00	2.167840e-05	2.265745e-05	-4.433585e-05	2.265745e-05
2.177829999999995e-05	2.857736e+00	2.177830e-05	2.276030e-05	-4.453860e-05	2.276030e-05
2.187819999999995e-05	2.854178e+00	2.187820e-05	2.286314e-05	-4.474134e-05	2.286314e-05
2.197809999999995e-05	2.850626e+00	2.197810e-05	2.296597e-05	-4.494407e-05	2.296597e-05
2.207799999999995e-05	2.847082e+00	2.207800e-05	2.306879e-05	-4.514679e-05	2.306879e-05
2.217789999999995e-05	2.843544e+00	2.217790e-05	2.317160e-05	-4.534950e-05	2.317160e-05
2.227779999999995e-05	2.840013e+00	2.227780e-05	2.327440e-05	-4.555220e-05	2.327440e-05
2.237769999999995e-05	2.836488e+00	2.237770e-05	2.337720e-05	-4.575490e-05	2.337720e-05
2.247759999999995e-05	2.832970e+00	2.247760e-05	2.347998e-05	-4.595758e-05	2.347998e-05
2.257749999999994e-05	2.829458e+00	2.257750e-05	2.358276e-05	-4.616026e-05	2.358276e-05
2.267739999999994e-05	2.825953e+00	2.267740e-05	2.368553e-05	-4.636293e-05	2.368553e-05
2.277729999999994e-05	2.822454e+00	2.277730e-05	2.378829e-05	-4.656559e-05	2.378829e-05
2.287719999999994e-05	2.818961e+00	2.287720e-05	2.389105e-05	-4.676825e-05	2.389105e-05
2.297709999999994e-05	2.815475e+00	2.297710e-05	2.399379e-05	-4.697089e-05	2.399379e-05
2.307699999999994e-05	2.811995e+00	2.307700e-05	2.409653e-05	-4.717353e-05	2.409653e-05
2.317689999999994e-05	2.808522e+00	2.317690e-05	2.419926e-05	-4.737616e-05	2.419926e-05
2.327679999999994e-05	2.805054e+00	2.327680e-05	2.430198e-05	-4.757877e-05	2.430198e-05
2.337669999999993e-05	2.801593e+00	2.337670e-05	2.440469e-05	-4.778139e-05	2.440469e-05
2.347659999999993e-05	2.798137e+00	2.347660e-05	2.450739e-05	-4.798399e-05	2.450739e-05
2.357649999999993e-05	2.794688e+00	2.357650e-05	2.461009e-05	-4.818659e-05	2.461009e-05
2.367639999999993e-05	2.791245e+00	2.367640e-05	2.471277e-05	-4.838917e-05	2.471277e-05
2.377629999999993e-05	2.787808e+00	2.377630e-05	2.481545e-05	-4.859175e-05	2.481545e-05
2.387619999999993e-05	2.784377e+00	2.387620e-05	2.491812e-05	-4.879433e-05	2.491812e-05
2.397609999999993e-05	2.780951e+00	2.397610e-05	2.502079e-05	-4.899689e-05	2.502079e-05
2.407599999999993e-05	2.777532e+00	2.407600e-05	2.512344e-05	-4.919944e-05	2.512344e-05
2.417589999999993e-05	2.774118e+00	2.417590e-05	2.522609e-05	-4.940199e-05	2.522609e-05
2.427579999999992e-05	2.770710e+00	2.427580e-05	2.532873e-05	-4.960453e-05	2.532873e-05
2.437569999999992e-05	2.767308e+00	2.437570e-05	2.543136e-05	-4.980706e-05	2.543136e-05
2.447559999999992e-05	2.763912e+00	2.447560e-05	2.553398e-05	-5.000958e-05	2.553398e-05
2.457549999999992e-05	2.760522e+00	2.457550e-05	2.563659e-05	-5.021209e-05	2.563659e-05
2.467539999999992e-05	2.757137e+00	2.467540e-05	2.573920e-05	-5.041460e-05	2.573920e-05
2.477529999999992e-05	2.753757e+00	2.477530e-05	2.584180e-05	-5.061710e-05	2.584180e-05
2.487519999999992e-05	2.750383e+00	2.487520e-05	2.594439e-05	-5.081959e-05	2.594439e-05
2.497509999999992e-05	2.747015e+00	2.497510e-05	2.604697e-05	-5.102207e-05	2.604697e-05
2.507499999999991e-05	2.743653e+00	2.507500e-05	2.614955e-05	-5.122455e-05	2.614955e-05
2.517489999999991e-05	2.740295e+00	2.517490e-05	2.625211e-05	-5.142701e-05	2.625211e-05
2.527479999999991e-05	2.736943e+00	2.527480e-05	2.635467e-05	-5.162947e-05	2.635467e-05
2.537469999999991e-05	2.733597e+00	2.537470e-05	2.645722e-05	-5.183192e-05	2.645722e-05
2.547459999999991e-05	2.730256e+00	2.547460e-05	2.655977e-05	-5.203437e-05	2.655977e-05
2.557449999999991e-05	2.726921e+00	2.557450e-05	2.666230e-05	-5.223680e-05	2.666230e-05
2.567439999999991e-05	2.723590e+00	2.567440e-05	2.676483e-05	-5.243923e-05	2.676483e-05
2.577429999999991e-05	2.720265e+00	2.577430e-05	2.686735e-05	-5.264165e-05	2.686735e-05
2.587419999999991e-05	2.716945e+00	2.587420e-05	2.696986e-05	-5.284406e-05	2.696986e-05
2.597409999999990e-05	2.713631e+00	2.597410e-05	2.707236e-05	-5.304646e-05	2.707236e-05
2.607399999999990e-05	2.710321e+00	2.607400e-05	2.717486e-05	-5.324886e-05	2.717486e-05
2.617389999999990e-05	2.707017e+00	2.617390e-05	2.727735e-05	-5.345125e-05	2.727735e-05
2.627379999999990e-05	2.703718e+00	2.627380e-05	2.737983e-05	-5.365363e-05	2.737983e-05
2.637369999999990e-05	2.700424e+00	2.637370e-05	2.748230e-05	-5.385600e-05	2.748230e-05
2.647359999999990e-05	2.697135e+00	2.647360e-05	2.758477e-05	-5.405837e-05	2.758477e-05
2.657349999999990e-05	2.693851e+00	2.657350e-05	2.768723e-05	-5.426072e-05	2.768723e-05
2.667339999999990e-05	2.690572e+00	2.667340e-05	2.778967e-05	-5.446307e-05	2.778967e-05
2.677329999999989e-05	2.687298e+00	2.677330e-05	2.789212e-05	-5.466542e-05	2.789212e-05
2.687319999999989e-05	2.684029e+00	2.687320e-05	2.799455e-05	-5.486775e-05	2.799455e-05
2.697309999999989e-05	2.680765e+00	2.697310e-05	2.809698e-05	-5.507008e-05	2.809698e-05
2.707299999999989e-05	2.677506e+00	2.707300e-05	2.819940e-05	-5.527240e-05	2.819940e-05
2.717289999999989e-05	2.674251e+00	2.717290e-05	2.830181e-05	-5.547471e-05	2.830181e-05
2.727279999999989e-05	2.671002e+00	2.727280e-05	2.840421e-05	-5.567701e-05	2.840421e-05
2.737269999999989e-05	2.667757e+00	2.737270e-05	2.850661e-05	-5.587931e-05	2.850661e-05
2.747259999999989e-05	2.664517e+00	2.747260e-05	2.860900e-05	-5.608160e-05	2.860900e-05
2.757249999999989e-05	2.661282e+00	2.757250e-05	2.871138e-05	-5.628388e-05	2.871138e-05
2.767239999999988e-05	2.658051e+00	2.767240e-05	2.881375e-05	-5.648615e-05	2.881375e-05
2.777229999999988e-05	2.654826e+00	2.777230e-05	2.891612e-05	-5.668842e-05	2.891612e-05
2.787219999999988e-05	2.651605e+00	2.787220e-05	2.901848e-05	-5.689068e-05	2.901848e-05
2.797209999999988e-05	2.648388e+00	2.797210e-05	2.912083e-05	-5.709293e-05	2.912083e-05
2.807199999999988e-05	2.645177e+00	2.807200e-05	2.922318e-05	-5.729518e-05	2.922318e-05
2.817189999999988e-05	2.641969e+00	2.817190e-05	2.932551e-05	-5.749741e-05	2.932551e-05
2.827179999999988e-05	2.638767e+00	2.827180e-05	2.942784e-05	-5.769964e-05	2.942784e-05
2.837169999999988e-05	2.635569e+00	2.837170e-05	2.953016e-05	-5.790186e-05	2.953016e-05
2.847159999999987e-05	2.632375e+00	2.847160e-05	2.963248e-05	-5.810408e-05	2.963248e-05
2.857149999999987e-05	2.629186e+00	2.857150e-05	2.973478e-05	-5.830628e-05	2.973478e-05
2.867139999999987e-05	2.626001e+00	2.867140e-05	2.983708e-05	-5.850848e-05	2.983708e-05
2.877129999999987e-05	2.622821e+00	2.877130e-05	2.993938e-05	-5.871067e-05	2.993938e-05
2.887119999999987e-05	2.619645e+00	2.887120e-05	3.004166e-05	-5.891286e-05	3.004166e-05
2.897109999999987e-05	2.616474e+00	2.897110e-05	3.014394e-05	-5.911504e-05	3.014394e-05
2.907099999999987e-05	2.613307e+00	2.907100e-05	3.024621e-05	-5.931721e-05	3.024621e-05
2.917089999999987e-05	2.610145e+00	2.917090e-05	3.034847e-05	-5.951937e-05	3.034847e-05
2.927079999999987e-05	2.606986e+00	2.927080e-05	3.045072e-05	-5.972153e-05	3.045072e-05
2.937069999999986e-05	2.603832e+00	2.937070e-05	3.055297e-05	-5.992367e-05	3.055297e-05
2.947059999999986e-05	2.600682e+00	2.947060e-05	3.065521e-05	-6.012581e-05	3.065521e-05
2.957049999999986e-05	2.597537e+00	2.957050e-05	3.075745e-05	-6.032795e-05	3.075745e-05
2.967039999999986e-05	2.594396e+00	2.967040e-05	3.085967e-05	-6.053007e-05	3.085967e-05
2.977029999999986e-05	2.591259e+00	2.977030e-05	3.096189e-05	-6.073219e-05	3.096189e-05
2.987019999999986e-05	2.588126e+00	2.987020e-05	3.106410e-05	-6.093430e-05	3.106410e-05
2.997009999999986e-05	2.584997e+00	2.997010e-05	3.116631e-05	-6.113641e-05	3.116631e-05
3.006999999999986e-05	2.581873e+00	3.007000e-05	3.126850e-05	-6.133851e-05	3.126850e-05
3.016989999999985e-05	2.578753e+00	3.016990e-05	3.137070e-05	-6.154060e-05	3.137070e-05
3.026979999999985e-05	2.575636e+00	3.026980e-05	3.147288e-05	-6.174268e-05	3.147288e-05
3.036969999999985e-05	2.572524e+00	3.036970e-05	3.157505e-05	-6.194475e-05	3.157505e-05
3.046959999999985e-05	2.569416e+00	3.046960e-05	3.167722e-05	-6.214682e-05	3.167722e-05
3.056949999999985e-05	2.566312e+00	3.056950e-05	3.177939e-05	-6.234888e-05	3.177939e-05
3.066939999999985e-05	2.563212e+00	3.066940e-05	3.188154e-05	-6.255093e-05	3.188154e-05
3.076929999999985e-05	2.560116e+00	3.076930e-05	3.198368e-05	-6.275299e-05	3.198368e-05
3.086919999999986e-05	2.557024e+00	3.086920e-05	3.208582e-05	-6.295503e-05	3.208582e-05
3.096909999999986e-05	2.553936e+00	3.096910e-05	3.218796e-05	-6.315706e-05	3.218796e-05
3.106899999999986e-05	2.550852e+00	3.106900e-05	3.229009e-05	-6.335908e-05	3.229009e-05
3.116889999999986e-05	2.547772e+00	3.116890e-05	3.239220e-05	-6.356110e-05	3.239220e-05
3.126879999999987e-05	2.544695e+00	3.126880e-05	3.249431e-05	-6.376312e-05	3.249431e-05
3.136869999999987e-05	2.541623e+00	3.136870e-05	3.259642e-05	-6.396512e-05	3.259642e-05
3.146859999999987e-05	2.538554e+00	3.146860e-05	3.269851e-05	-6.416711e-05	3.269851e-05
3.156849999999987e-05	2.535490e+00	3.156850e-05	3.280061e-05	-6.436910e-05	3.280061e-05
3.166839999999987e-05	2.532429e+00	3.166840e-05	3.290269e-05	-6.457109e-05	3.290269e-05
3.176829999999988e-05	2.529372e+00	3.176830e-05	3.300477e-05	-6.477306e-05	3.300477e-05
3.186819999999988e-05	2.526319e+00	3.186820e-05	3.310683e-05	-6.497504e-05	3.310683e-05
3.196809999999988e-05	2.523269e+00	3.196810e-05	3.320890e-05	-6.517700e-05	3.320890e-05
3.206799999999988e-05	2.520223e+00	3.206800e-05	3.331095e-05	-6.537895e-05	3.331095e-05
3.216789999999989e-05	2.517181e+00	3.216790e-05	3.341300e-05	-6.558090e-05	3.341300e-05
3.226779999999989e-05	2.514143e+00	3.226780e-05	3.351504e-05	-6.578284e-05	3.351504e-05
3.236769999999989e-05	2.511108e+00	3.236770e-05	3.361707e-05	-6.598477e-05	3.361707e-05
3.246759999999989e-05	2.508077e+00	3.246760e-05	3.371910e-05	-6.618670e-05	3.371910e-05
3.256749999999989e-05	2.505050e+00	3.256750e-05	3.382112e-05	-6.638862e-05	3.382112e-05
3.266739999999990e-05	2.502027e+00	3.266740e-05	3.392314e-05	-6.659054e-05	3.392314e-05
3.276729999999990e-05	2.499007e+00	3.276730e-05	3.402514e-05	-6.679244e-05	3.402514e-05
3.286719999999990e-05	2.495990e+00	3.286720e-05	3.412714e-05	-6.699434e-05	3.412714e-05
3.296709999999990e-05	2.492977e+00	3.296710e-05	3.422914e-05	-6.719623e-05	3.422914e-05
3.306699999999991e-05	2.489968e+00	3.306700e-05	3.433112e-05	-6.739812e-05	3.433112e-05
3.316689999999991e-05	2.486963e+00	3.316690e-05	3.443310e-05	-6.760000e-05	3.443310e-05
3.326679999999991e-05	2.483960e+00	3.326680e-05	3.453507e-05	-6.780187e-05	3.453507e-05
3.336669999999991e-05	2.480962e+00	3.336670e-05	3.463704e-05	-6.800373e-05	3.463704e-05
3.346659999999991e-05	2.477967e+00	3.346660e-05	3.473899e-05	-6.820559e-05	3.473899e-05
3.356649999999992e-05	2.474975e+00	3.356650e-05	3.484094e-05	-6.840745e-05	3.484094e-05
3.366639999999992e-05	2.471987e+00	3.366640e-05	3.494289e-05	-6.860929e-05	3.494289e-05
3.376629999999992e-05	2.469002e+00	3.376630e-05	3.504483e-05	-6.881112e-05	3.504483e-05
3.386619999999992e-05	2.466021e+00	3.386620e-05	3.514676e-05	-6.901296e-05	3.514676e-05
3.396609999999993e-05	2.463043e+00	3.396610e-05	3.524868e-05	-6.921478e-05	3.524868e-05
3.406599999999993e-05	2.460069e+00	3.406600e-05	3.535060e-05	-6.941660e-05	3.535060e-05
3.416589999999993e-05	2.457098e+00	3.416590e-05	3.545251e-05	-6.961841e-05	3.545251e-05
3.426579999999993e-05	2.454130e+00	3.426580e-05	3.555441e-05	-6.982021e-05	3.555441e-05
3.436569999999993e-05	2.451166e+00	3.436570e-05	3.565631e-05	-7.002201e-05	3.565631e-05
3.446559999999994e-05	2.448205e+00	3.446560e-05	3.575820e-05	-7.022380e-05	3.575820e-05
3.456549999999994e-05	2.445248e+00	3.456550e-05	3.586008e-05	-7.042558e-05	3.586008e-05
3.466539999999994e-05	2.442294e+00	3.466540e-05	3.596196e-05	-7.062736e-05	3.596196e-05
3.476529999999994e-05	2.439343e+00	3.476530e-05	3.606383e-05	-7.082913e-05	3.606383e-05
3.486519999999995e-05	2.436395e+00	3.486520e-05	3.616569e-05	-7.103090e-05	3.616569e-05
3.496509999999995e-05	2.433451e+00	3.496510e-05	3.626755e-05	-7.123265e-05	3.626755e-05
3.506499999999995e-05	2.430510e+00	3.506500e-05	3.636940e-05	-7.143440e-05	3.636940e-05
3.516489999999995e-05	2.427572e+00	3.516490e-05	3.647124e-05	-7.163614e-05	3.647124e-05
3.526479999999995e-05	2.424637e+00	3.526480e-05	3.657308e-05	-7.183788e-05	3.657308e-05
3.536469999999996e-05	2.421706e+00	3.536470e-05	3.667491e-05	-7.203961e-05	3.667491e-05
3.546459999999996e-05	2.418778e+00	3.546460e-05	3.677673e-05	-7.224133e-05	3.677673e-05
3.556449999999996e-05	2.415853e+00	3.556450e-05	3.687854e-05	-7.244304e-05	3.687854e-05
3.566439999999996e-05	2.412931e+00	3.566440e-05	3.698036e-05	-7.264475e-05	3.698036e-05
3.576429999999997e-05	2.410012e+00	3.576430e-05	3.708216e-05	-7.284646e-05	3.708216e-05
3.586419999999997e-05	2.407097e+00	3.586420e-05	3.718395e-05	-7.304816e-05	3.718395e-05
3.596409999999997e-05	2.404185e+00	3.596410e-05	3.728574e-05	-7.324984e-05	3.728574e-05
3.606399999999997e-05	2.401275e+00	3.606400e-05	3.738753e-05	-7.345153e-05	3.738753e-05
3.616389999999997e-05	2.398369e+00	3.616390e-05	3.748930e-05	-7.365320e-05	3.748930e-05
3.626379999999998e-05	2.395466e+00	3.626380e-05	3.759107e-05	-7.385487e-05	3.759107e-05
3.636369999999998e-05	2.392566e+00	3.636370e-05	3.769284e-05	-7.405654e-05	3.769284e-05
3.646359999999998e-05	2.389669e+00	3.646360e-05	3.779459e-05	-7.425819e-05	3.779459e-05
3.656349999999998e-05	2.386775e+00	3.656350e-05	3.789634e-05	-7.445984e-05	3.789634e-05
3.666339999999999e-05	2.383885e+00	3.666340e-05	3.799808e-05	-7.466148e-05	3.799808e-05
3.676329999999999e-05	2.380997e+00	3.676330e-05	3.809982e-05	-7.486312e-05	3.809982e-05
3.686319999999999e-05	2.378112e+00	3.686320e-05	3.820155e-05	-7.506475e-05	3.820155e-05
3.696309999999999e-05	2.375231e+00	3.696310e-05	3.830327e-05	-7.526638e-05	3.830327e-05
3.706299999999999e-05	2.372352e+00	3.706300e-05	3.840499e-05	-7.546799e-05	3.840499e-05
3.716290000000000e-05	2.369476e+00	3.716290e-05	3.850670e-05	-7.566960e-05	3.850670e-05
3.726280000000000e-05	2.366603e+00	3.726280e-05	3.860841e-05	-7.587120e-05	3.860841e-05
3.736270000000000e-05	2.363733e+00	3.736270e-05	3.871010e-05	-7.607280e-05	3.871010e-05
3.746260000000000e-05	2.360866e+00	3.746260e-05	3.881179e-05	-7.627439e-05	3.881179e-05
3.756250000000001e-05	2.358002e+00	3.756250e-05	3.891348e-05	-7.647598e-05	3.891348e-05
3.766240000000001e-05	2.355141e+00	3.766240e-05	3.901515e-05	-7.667756e-05	3.901515e-05
3.776230000000001e-05	2.352283e+00	3.776230e-05	3.911683e-05	-7.687913e-05	3.911683e-05
3.786220000000001e-05	2.349428e+00	3.786220e-05	3.921849e-05	-7.708069e-05	3.921849e-05
3.796210000000001e-05	2.346575e+00	3.796210e-05	3.932015e-05	-7.728225e-05	3.932015e-05
3.806200000000002e-05	2.343726e+00	3.806200e-05	3.942180e-05	-7.748380e-05	3.942180e-05
3.816190000000002e-05	2.340879e+00	3.816190e-05	3.952345e-05	-7.768535e-05	3.952345e-05
3.826180000000002e-05	2.338035e+00	3.826180e-05	3.962508e-05	-7.788689e-05	3.962508e-05
3.836170000000002e-05	2.335194e+00	3.836170e-05	3.972672e-05	-7.808841e-05	3.972672e-05
3.846160000000002e-05	2.332356e+00	3.846160e-05	3.982834e-05	-7.828994e-05	3.982834e-05
3.856150000000003e-05	2.329521e+00	3.856150e-05	3.992996e-05	-7.849146e-05	3.992996e-05
3.866140000000003e-05	2.326688e+00	3.866140e-05	4.003157e-05	-7.869297e-05	4.003157e-05
3.876130000000003e-05	2.323858e+00	3.876130e-05	4.013318e-05	-7.889448e-05	4.013318e-05
3.886120000000003e-05	2.321032e+00	3.886120e-05	4.023478e-05	-7.909598e-05	4.023478e-05
3.896110000000004e-05	2.318207e+00	3.896110e-05	4.033637e-05	-7.929748e-05	4.033637e-05
3.906100000000004e-05	2.315386e+00	3.906100e-05	4.043796e-05	-7.949896e-05	4.043796e-05
3.916090000000004e-05	2.312567e+00	3.916090e-05	4.053954e-05	-7.970044e-05	4.053954e-05
3.926080000000004e-05	2.309751e+00	3.926080e-05	4.064112e-05	-7.990192e-05	4.064112e-05
3.936070000000004e-05	2.306938e+00	3.936070e-05	4.074269e-05	-8.010338e-05	4.074269e-05
3.946060000000005e-05	2.304127e+00	3.946060e-05	4.084425e-05	-8.030485e-05	4.084425e-05
3.956050000000005e-05	2.301319e+00	3.956050e-05	4.094580e-05	-8.050630e-05	4.094580e-05
3.966040000000005e-05	2.298514e+00	3.966040e-05	4.104735e-05	-8.070775e-05	4.104735e-05
3.976030000000005e-05	2.295712e+00	3.976030e-05	4.114889e-05	-8.090919e-05	4.114889e-05
3.986020000000006e-05	2.292912e+00	3.986020e-05	4.125043e-05	-8.111063e-05	4.125043e-05
3.996010000000006e-05	2.290114e+00	3.996010e-05	4.135196e-05	-8.131206e-05	4.135196e-05
4.006000000000006e-05	2.287320e+00	4.006000e-05	4.145348e-05	-8.151348e-05	4.145348e-05
4.015990000000006e-05	2.284528e+00	4.015990e-05	4.155500e-05	-8.171490e-05	4.155500e-05
4.025980000000006e-05	2.281739e+00	4.025980e-05	4.165651e-05	-8.191631e-05	4.165651e-05
4.035970000000007e-05	2.278952e+00	4.035970e-05	4.175801e-05	-8.211772e-05	4.175801e-05
4.045960000000007e-05	2.276168e+00	4.045960e-05	4.185951e-05	-8.231911e-05	4.185951e-05
4.055950000000007e-05	2.273386e+00	4.055950e-05	4.196100e-05	-8.252051e-05	4.196100e-05
4.065940000000007e-05	2.270607e+00	4.065940e-05	4.206249e-05	-8.272189e-05	4.206249e-05
4.075930000000008e-05	2.267831e+00	4.075930e-05	4.216397e-05	-8.292327e-05	4.216397e-05
4.085920000000008e-05	2.265058e+00	4.085920e-05	4.226544e-05	-8.312464e-05	4.226544e-05
4.095910000000008e-05	2.262286e+00	4.095910e-05	4.236691e-05	-8.332601e-05	4.236691e-05
4.105900000000008e-05	2.259518e+00	4.105900e-05	4.246837e-05	-8.352737e-05	4.246837e-05
4.115890000000008e-05	2.256752e+00	4.115890e-05	4.256982e-05	-8.372872e-05	4.256982e-05
4.125880000000009e-05	2.253988e+00	4.125880e-05	4.267127e-05	-8.393007e-05	4.267127e-05
4.135870000000009e-05	2.251227e+00	4.135870e-05	4.277271e-05	-8.413141e-05	4.277271e-05
4.145860000000009e-05	2.248468e+00	4.145860e-05	4.287414e-05	-8.433274e-05	4.287414e-05
4.155850000000009e-05	2.245712e+00	4.155850e-05	4.297557e-05	-8.453408e-05	4.297557e-05
4.165840000000010e-05	2.242959e+00	4.165840e-05	4.307700e-05	-8.473539e-05	4.307700e-05
4.175830000000010e-05	2.240207e+00	4.175830e-05	4.317841e-05	-8.493671e-05	4.317841e-05
4.185820000000010e-05	2.237459e+00	4.185820e-05	4.327982e-05	-8.513802e-05	4.327982e-05
4.195810000000010e-05	2.234713e+00	4.195810e-05	4.338123e-05	-8.533933e-05	4.338123e-05
4.205800000000010e-05	2.231969e+00	4.205800e-05	4.348263e-05	-8.554063e-05	4.348263e-05
4.215790000000011e-05	2.229228e+00	4.215790e-05	4.358402e-05	-8.574191e-05	4.358402e-05
4.225780000000011e-05	2.226489e+00	4.225780e-05	4.368540e-05	-8.594320e-05	4.368540e-05
4.235770000000011e-05	2.223752e+00	4.235770e-05	4.378678e-05	-8.614448e-05	4.378678e-05
4.245760000000011e-05	2.221018e+00	4.245760e-05	4.388815e-05	-8.634575e-05	4.388815e-05
4.255750000000012e-05	2.218287e+00	4.255750e-05	4.398952e-05	-8.654702e-05	4.398952e-05
4.265740000000012e-05	2.215558e+00	4.265740e-05	4.409088e-05	-8.674828e-05	4.409088e-05
4.275730000000012e-05	2.212831e+00	4.275730e-05	4.419223e-05	-8.694953e-05	4.419223e-05
4.285720000000012e-05	2.210106e+00	4.285720e-05	4.429358e-05	-8.715078e-05	4.429358e-05
4.295710000000012e-05	2.207384e+00	4.295710e-05	4.439492e-05	-8.735203e-05	4.439492e-05
4.305700000000013e-05	2.204664e+00	4.305700e-05	4.449626e-05	-8.755326e-05	4.449626e-05
4.315690000000013e-05	2.201947e+00	4.315690e-05	4.459759e-05	-8.775449e-05	4.459759e-05
4.325680000000013e-05	2.199232e+00	4.325680e-05	4.469891e-05	-8.795571e-05	4.469891e-05
4.335670000000013e-05	2.196519e+00	4.335670e-05	4.480023e-05	-8.815693e-05	4.480023e-05
4.345660000000014e-05	2.193809e+00	4.345660e-05	4.490154e-05	-8.835814e-05	4.490154e-05
4.355650000000014e-05	2.191101e+00	4.355650e-05	4.500284e-05	-8.855934e-05	4.500284e-05
4.365640000000014e-05	2.188395e+00	4.365640e-05	4.510414e-05	-8.876054e-05	4.510414e-05
4.375630000000014e-05	2.185692e+00	4.375630e-05	4.520543e-05	-8.896174e-05	4.520543e-05
4.385620000000014e-05	2.182991e+00	4.385620e-05	4.530672e-05	-8.916292e-05	4.530672e-05
4.395610000000015e-05	2.180292e+00	4.395610e-05	4.540800e-05	-8.936410e-05	4.540800e-05
4.405600000000015e-05	2.177595e+00	4.405600e-05	4.550927e-05	-8.956528e-05	4.550927e-05
4.415590000000015e-05	2.174901e+00	4.415590e-05	4.561054e-05	-8.976644e-05	4.561054e-05
4.425580000000015e-05	2.172209e+00	4.425580e-05	4.571180e-05	-8.996760e-05	4.571180e-05
4.435570000000016e-05	2.169519e+00	4.435570e-05	4.581306e-05	-9.016876e-05	4.581306e-05
4.445560000000016e-05	2.166831e+00	4.445560e-05	4.591431e-05	-9.036991e-05	4.591431e-05
4.455550000000016e-05	2.164146e+00	4.455550e-05	4.601555e-05	-9.057105e-05	4.601555e-05
4.465540000000016e-05	2.161463e+00	4.465540e-05	4.611679e-05	-9.077219e-05	4.611679e-05
4.475530000000016e-05	2.158782e+00	4.475530e-05	4.621802e-05	-9.097332e-05	4.621802e-05
4.485520000000017e-05	2.156104e+00	4.485520e-05	4.631925e-05	-9.117445e-05	4.631925e-05
4.495510000000017e-05	2.153427e+00	4.495510e-05	4.642046e-05	-9.137556e-05	4.642046e-05
4.505500000000017e-05	2.150753e+00	4.505500e-05	4.652168e-05	-9.157668e-05	4.652168e-05
4.515490000000017e-05	2.148081e+00	4.515490e-05	4.662288e-05	-9.177779e-05	4.662288e-05
4.525480000000018e-05	2.145411e+00	4.525480e-05	4.672409e-05	-9.197889e-05	4.672409e-05
4.535470000000018e-05	2.142743e+00	4.535470e-05	4.682528e-05	-9.217998e-05	4.682528e-05
4.545460000000018e-05	2.140078e+00	4.545460e-05	4.692647e-05	-9.238107e-05	4.692647e-05
4.555450000000018e-05	2.137414e+00	4.555450e-05	4.702765e-05	-9.258215e-05	4.702765e-05
4.565440000000018e-05	2.134753e+00	4.565440e-05	4.712883e-05	-9.278323e-05	4.712883e-05
4.575430000000019e-05	2.132094e+00	4.575430e-05	4.723000e-05	-9.298430e-05	4.723000e-05
4.585420000000019e-05	2.129437e+00	4.585420e-05	4.733117e-05	-9.318536e-05	4.733117e-05
4.595410000000019e-05	2.126782e+00	4.595410e-05	4.743232e-05	-9.338642e-05	4.743232e-05
4.605400000000019e-05	2.124130e+00	4.605400e-05	4.753347e-05	-9.358748e-05	4.753347e-05
4.615390000000020e-05	2.121479e+00	4.615390e-05	4.763462e-05	-9.378852e-05	4.763462e-05
4.625380000000020e-05	2.118831e+00	4.625380e-05	4.773576e-05	-9.398956e-05	4.773576e-05
4.635370000000020e-05	2.116184e+00	4.635370e-05	4.783690e-05	-9.419060e-05	4.783690e-05
4.645360000000020e-05	2.113540e+00	4.645360e-05	4.793803e-05	-9.439162e-05	4.793803e-05
4.655350000000020e-05	2.110898e+00	4.655350e-05	4.803915e-05	-9.459265e-05	4.803915e-05
4.665340000000021e-05	2.108258e+00	4.665340e-05	4.814026e-05	-9.479366e-05	4.814026e-05
4.675330000000021e-05	2.105620e+00	4.675330e-05	4.824137e-05	-9.499468e-05	4.824137e-05
4.685320000000021e-05	2.102984e+00	4.685320e-05	4.834248e-05	-9.519568e-05	4.834248e-05
4.695310000000021e-05	2.100350e+00	4.695310e-05	4.844358e-05	-9.539668e-05	4.844358e-05
4.705300000000022e-05	2.097718e+00	4.705300e-05	4.854467e-05	-9.559767e-05	4.854467e-05
4.715290000000022e-05	2.095088e+00	4.715290e-05	4.864576e-05	-9.579866e-05	4.864576e-05
4.725280000000022e-05	2.092460e+00	4.725280e-05	4.874684e-05	-9.599964e-05	4.874684e-05
4.735270000000022e-05	2.089835e+00	4.735270e-05	4.884791e-05	-9.620062e-05	4.884791e-05
4.745260000000022e-05	2.087211e+00	4.745260e-05	4.894898e-05	-9.640159e-05	4.894898e-05
4.755250000000023e-05	2.084589e+00	4.755250e-05	4.905005e-05	-9.660255e-05	4.905005e-05
4.765240000000023e-05	2.081970e+00	4.765240e-05	4.915110e-05	-9.680350e-05	4.915110e-05
4.775230000000023e-05	2.079352e+00	4.775230e-05	4.925215e-05	-9.700445e-05	4.925215e-05
4.785220000000023e-05	2.076736e+00	4.785220e-05	4.935320e-05	-9.720540e-05	4.935320e-05
4.795210000000023e-05	2.074123e+00	4.795210e-05	4.945424e-05	-9.740634e-05	4.945424e-05
4.805200000000024e-05	2.071511e+00	4.805200e-05	4.955527e-05	-9.760727e-05	4.955527e-05
4.815190000000024e-05	2.068901e+00	4.815190e-05	4.965630e-05	-9.780820e-05	4.965630e-05
4.825180000000024e-05	2.066293e+00	4.825180e-05	4.975732e-05	-9.800911e-05	4.975732e-05
4.835170000000024e-05	2.063688e+00	4.835170e-05	4.985833e-05	-9.821003e-05	4.985833e-05
4.845160000000025e-05	2.061084e+00	4.845160e-05	4.995934e-05	-9.841094e-05	4.995934e-05
4.855150000000025e-05	2.058482e+00	4.855150e-05	5.006035e-05	-9.861185e-05	5.006035e-05
4.865140000000025e-05	2.055882e+00	4.865140e-05	5.016134e-05	-9.881274e-05	5.016134e-05
4.875130000000025e-05	2.053284e+00	4.875130e-05	5.026233e-05	-9.901363e-05	5.026233e-05
4.885120000000025e-05	2.050688e+00	4.885120e-05	5.036332e-05	-9.921452e-05	5.036332e-05
4.895110000000026e-05	2.048094e+00	4.895110e-05	5.046430e-05	-9.941540e-05	5.046430e-05
4.905100000000026e-05	2.045502e+00	4.905100e-05	5.056527e-05	-9.961627e-05	5.056527e-05
4.915090000000026e-05	2.042912e+00	4.915090e-05	5.066624e-05	-9.981714e-05	5.066624e-05
4.925080000000026e-05	2.040323e+00	4.925080e-05	5.076720e-05	-1.000180e-04	5.076720e-05
4.935070000000027e-05	2.037737e+00	4.935070e-05	5.086816e-05	-1.002189e-04	5.086816e-05
4.945060000000027e-05	2.035152e+00	4.945060e-05	5.096911e-05	-1.004197e-04	5.096911e-05
4.955050000000027e-05	2.032569e+00	4.955050e-05	5.107005e-05	-1.006205e-04	5.107005e-05
4.965040000000027e-05	2.029989e+00	4.965040e-05	5.117099e-05	-1.008214e-04	5.117099e-05
4.975030000000027e-05	2.027410e+00	4.975030e-05	5.127192e-05	-1.010222e-04	5.127192e-05
4.985020000000028e-05	2.024833e+00	4.985020e-05	5.137285e-05	-1.012230e-04	5.137285e-05
4.995010000000028e-05	2.022258e+00	4.995010e-05	5.147377e-05	-1.014239e-04	5.147377e-05
5.005000000000028e-05	2.019684e+00	5.005000e-05	5.157469e-05	-1.016247e-04	5.157469e-05
5.014990000000028e-05	2.017113e+00	5.014990e-05	5.167559e-05	-1.018255e-04	5.167559e-05
5.024980000000029e-05	2.014543e+00	5.024980e-05	5.177650e-05	-1.020263e-04	5.177650e-05
5.034970000000029e-05	2.011975e+00	5.034970e-05	5.187740e-05	-1.022271e-04	5.187740e-05
5.044960000000029e-05	2.009409e+00	5.044960e-05	5.197829e-05	-1.024279e-04	5.197829e-05
5.054950000000029e-05	2.006845e+00	5.054950e-05	5.207917e-05	-1.026287e-04	5.207917e-05
5.064940000000029e-05	2.004283e+00	5.064940e-05	5.218005e-05	-1.028295e-04	5.218005e-05
5.074930000000030e-05	2.001723e+00	5.074930e-05	5.228093e-05	-1.030302e-04	5.228093e-05
5.084920000000030e-05	1.999164e+00	5.084920e-05	5.238179e-05	-1.032310e-04	5.238179e-05
5.094910000000030e-05	1.996607e+00	5.094910e-05	5.248266e-05	-1.034318e-04	5.248266e-05
5.104900000000030e-05	1.994052e+00	5.104900e-05	5.258351e-05	-1.036325e-04	5.258351e-05
5.114890000000031e-05	1.991499e+00	5.114890e-05	5.268437e-05	-1.038333e-04	5.268437e-05
5.124880000000031e-05	1.988947e+00	5.124880e-05	5.278521e-05	-1.040340e-04	5.278521e-05
5.134870000000031e-05	1.986398e+00	5.134870e-05	5.288605e-05	-1.042348e-04	5.288605e-05
5.144860000000031e-05	1.983850e+00	5.144860e-05	5.298688e-05	-1.044355e-04	5.298688e-05
5.154850000000031e-05	1.981304e+00	5.154850e-05	5.308771e-05	-1.046362e-04	5.308771e-05
5.164840000000032e-05	1.978760e+00	5.164840e-05	5.318853e-05	-1.048369e-04	5.318853e-05
5.174830000000032e-05	1.976217e+00	5.174830e-05	5.328935e-05	-1.050376e-04	5.328935e-05
5.184820000000032e-05	1.973676e+00	5.184820e-05	5.339016e-05	-1.052384e-04	5.339016e-05
5.194810000000032e-05	1.971137e+00	5.194810e-05	5.349096e-05	-1.054391e-04	5.349096e-05
5.204800000000033e-05	1.968600e+00	5.204800e-05	5.359176e-05	-1.056398e-04	5.359176e-05
5.214790000000033e-05	1.966064e+00	5.214790e-05	5.369255e-05	-1.058405e-04	5.369255e-05
5.224780000000033e-05	1.963530e+00	5.224780e-05	5.379334e-05	-1.060411e-04	5.379334e-05
5.234770000000033e-05	1.960998e+00	5.234770e-05	5.389412e-05	-1.062418e-04	5.389412e-05
5.244760000000033e-05	1.958468e+00	5.244760e-05	5.399490e-05	-1.064425e-04	5.399490e-05
5.254750000000034e-05	1.955939e+00	5.254750e-05	5.409566e-05	-1.066432e-04	5.409566e-05
5.264740000000034e-05	1.953412e+00	5.264740e-05	5.419643e-05	-1.068438e-04	5.419643e-05
5.274730000000034e-05	1.950887e+00	5.274730e-05	5.429719e-05	-1.070445e-04	5.429719e-05
5.284720000000034e-05	1.948364e+00	5.284720e-05	5.439794e-05	-1.072451e-04	5.439794e-05
5.294710000000035e-05	1.945842e+00	5.294710e-05	5.449869e-05	-1.074458e-04	5.449869e-05
5.304700000000035e-05	1.943322e+00	5.304700e-05	5.459943e-05	-1.076464e-04	5.459943e-05
5.314690000000035e-05	1.940803e+00	5.314690e-05	5.470016e-05	-1.078471e-04	5.470016e-05
5.324680000000035e-05	1.938287e+00	5.324680e-05	5.480089e-05	-1.080477e-04	5.480089e-05
5.334670000000035e-05	1.935772e+00	5.334670e-05	5.490161e-05	-1.082483e-04	5.490161e-05
5.344660000000036e-05	1.933258e+00	5.344660e-05	5.500233e-05	-1.084489e-04	5.500233e-05
5.354650000000036e-05	1.930747e+00	5.354650e-05	5.510305e-05	-1.086495e-04	5.510305e-05
5.364640000000036e-05	1.928236e+00	5.364640e-05	5.520375e-05	-1.088502e-04	5.520375e-05
5.374630000000036e-05	1.925728e+00	5.374630e-05	5.530445e-05	-1.090508e-04	5.530445e-05
5.384620000000037e-05	1.923221e+00	5.384620e-05	5.540515e-05	-1.092513e-04	5.540515e-05
5.394610000000037e-05	1.920716e+00	5.394610e-05	5.550584e-05	-1.094519e-04	5.550584e-05
5.404600000000037e-05	1.918213e+00	5.404600e-05	5.560652e-05	-1.096525e-04	5.560652e-05
5.414590000000037e-05	1.915711e+00	5.414590e-05	5.570719e-05	-1.098531e-04	5.570719e-05
5.424580000000037e-05	1.913211e+00	5.424580e-05	5.580787e-05	-1.100537e-04	5.580787e-05
5.434570000000038e-05	1.910713e+00	5.434570e-05	5.590853e-05	-1.102542e-04	5.590853e-05
5.444560000000038e-05	1.908216e+00	5.444560e-05	5.600919e-05	-1.104548e-04	5.600919e-05
5.454550000000038e-05	1.905720e+00	5.454550e-05	5.610985e-05	-1.106553e-04	5.610985e-05
5.464540000000038e-05	1.903227e+00	5.464540e-05	5.621050e-05	-1.108559e-04	5.621050e-05
5.474530000000039e-05	1.900735e+00	5.474530e-05	5.631114e-05	-1.110564e-04	5.631114e-05
5.484520000000039e-05	1.898244e+00	5.484520e-05	5.641178e-05	-1.112570e-04	5.641178e-05
5.494510000000039e-05	1.895756e+00	5.494510e-05	5.651241e-05	-1.114575e-04	5.651241e-05
5.504500000000039e-05	1.893268e+00	5.504500e-05	5.661304e-05	-1.116580e-04	5.661304e-05
5.514490000000039e-05	1.890783e+00	5.514490e-05	5.671366e-05	-1.118586e-04	5.671366e-05
5.524480000000040e-05	1.888299e+00	5.524480e-05	5.681428e-05	-1.120591e-04	5.681428e-05
5.534470000000040e-05	1.885816e+00	5.534470e-05	5.691488e-05	-1.122596e-04	5.691488e-05
5.544460000000040e-05	1.883335e+00	5.544460e-05	5.701549e-05	-1.124601e-04	5.701549e-05
5.554450000000040e-05	1.880856e+00	5.554450e-05	5.711609e-05	-1.126606e-04	5.711609e-05
5.564440000000041e-05	1.878379e+00	5.564440e-05	5.721668e-05	-1.128611e-04	5.721668e-05
5.574430000000041e-05	1.875902e+00	5.574430e-05	5.731726e-05	-1.130616e-04	5.731726e-05
5.584420000000041e-05	1.873428e+00	5.584420e-05	5.741784e-05	-1.132620e-04	5.741784e-05
5.594410000000041e-05	1.870955e+00	5.594410e-05	5.751842e-05	-1.134625e-04	5.751842e-05
5.604400000000041e-05	1.868483e+00	5.604400e-05	5.761899e-05	-1.136630e-04	5.761899e-05
5.614390000000042e-05	1.866013e+00	5.614390e-05	5.771955e-05	-1.138635e-04	5.771955e-05
5.624380000000042e-05	1.863545e+00	5.624380e-05	5.782011e-05	-1.140639e-04	5.782011e-05
5.634370000000042e-05	1.861078e+00	5.634370e-05	5.792066e-05	-1.142644e-04	5.792066e-05
5.644360000000042e-05	1.858613e+00	5.644360e-05	5.802121e-05	-1.144648e-04	5.802121e-05
5.654350000000043e-05	1.856149e+00	5.654350e-05	5.812175e-05	-1.146653e-04	5.812175e-05
5.664340000000043e-05	1.853687e+00	5.664340e-05	5.822229e-05	-1.148657e-04	5.822229e-05
5.674330000000043e-05	1.851226e+00	5.674330e-05	5.832282e-05	-1.150661e-04	5.832282e-05
5.684320000000043e-05	1.848767e+00	5.684320e-05	5.842334e-05	-1.152665e-04	5.842334e-05
5.694310000000043e-05	1.846309e+00	5.694310e-05	5.852386e-05	-1.154670e-04	5.852386e-05
5.704300000000044e-05	1.843853e+00	5.704300e-05	5.862437e-05	-1.156674e-04	5.862437e-05
5.714290000000044e-05	1.841398e+00	5.714290e-05	5.872488e-05	-1.158678e-04	5.872488e-05
5.724280000000044e-05	1.838945e+00	5.724280e-05	5.882538e-05	-1.160682e-04	5.882538e-05
5.734270000000044e-05	1.836494e+00	5.734270e-05	5.892588e-05	-1.162686e-04	5.892588e-05
5.744260000000045e-05	1.834044e+00	5.744260e-05	5.902637e-05	-1.164690e-04	5.902637e-05
5.754250000000045e-05	1.831595e+00	5.754250e-05	5.912685e-05	-1.166694e-04	5.912685e-05
5.764240000000045e-05	1.829148e+00	5.764240e-05	5.922733e-05	-1.168697e-04	5.922733e-05
5.774230000000045e-05	1.826702e+00	5.774230e-05	5.932781e-05	-1.170701e-04	5.932781e-05
5.784220000000045e-05	1.824258e+00	5.784220e-05	5.942827e-05	-1.172705e-04	5.942827e-05
5.794210000000046e-05	1.821815e+00	5.794210e-05	5.952873e-05	-1.174708e-04	5.952873e-05
5.804200000000046e-05	1.819374e+00	5.804200e-05	5.962919e-05	-1.176712e-04	5.962919e-05
5.814190000000046e-05	1.816934e+00	5.814190e-05	5.972964e-05	-1.178715e-04	5.972964e-05
5.824180000000046e-05	1.814496e+00	5.824180e-05	5.983009e-05	-1.180719e-04	5.983009e-05
5.834170000000046e-05	1.812059e+00	5.834170e-05	5.993053e-05	-1.182722e-04	5.993053e-05
5.844160000000047e-05	1.809623e+00	5.844160e-05	6.003096e-05	-1.184726e-04	6.003096e-05
5.854150000000047e-05	1.807189e+00	5.854150e-05	6.013139e-05	-1.186729e-04	6.013139e-05
5.864140000000047e-05	1.804757e+00	5.864140e-05	6.023181e-05	-1.188732e-04	6.023181e-05
5.874130000000047e-05	1.802326e+00	5.874130e-05	6.033223e-05	-1.190735e-04	6.033223e-05
5.884120000000048e-05	1.799896e+00	5.884120e-05	6.043265e-05	-1.192738e-04	6.043265e-05
5.894110000000048e-05	1.797468e+00	5.894110e-05	6.053305e-05	-1.194741e-04	6.053305e-05
5.904100000000048e-05	1.795041e+00	5.904100e-05	6.063345e-05	-1.196744e-04	6.063345e-05
5.914090000000048e-05	1.792616e+00	5.914090e-05	6.073385e-05	-1.198747e-04	6.073385e-05
5.924080000000048e-05	1.790192e+00	5.924080e-05	6.083423e-05	-1.200750e-04	6.083423e-05
5.934070000000049e-05	1.787769e+00	5.934070e-05	6.093462e-05	-1.202753e-04	6.093462e-05
5.944060000000049e-05	1.785348e+00	5.944060e-05	6.103500e-05	-1.204756e-04	6.103500e-05
5.954050000000049e-05	1.782928e+00	5.954050e-05	6.113537e-05	-1.206759e-04	6.113537e-05
5.964040000000049e-05	1.780510e+00	5.964040e-05	6.123574e-05	-1.208761e-04	6.123574e-05
5.974030000000050e-05	1.778093e+00	5.974030e-05	6.133610e-05	-1.210764e-04	6.133610e-05
5.984020000000050e-05	1.775678e+00	5.984020e-05	6.143645e-05	-1.212767e-04	6.143645e-05
5.994010000000050e-05	1.773263e+00	5.994010e-05	6.153680e-05	-1.214769e-04	6.153680e-05
6.004000000000050e-05	1.770851e+00	6.004000e-05	6.163715e-05	-1.216771e-04	6.163715e-05
6.013990000000050e-05	1.768439e+00	6.013990e-05	6.173749e-05	-1.218774e-04	6.173749e-05
6.023980000000051e-05	1.766029e+00	6.023980e-05	6.183783e-05	-1.220776e-04	6.183783e-05
6.033970000000051e-05	1.763621e+00	6.033970e-05	6.193815e-05	-1.222779e-04	6.193815e-05
6.043960000000051e-05	1.761214e+00	6.043960e-05	6.203847e-05	-1.224781e-04	6.203847e-05
6.053950000000051e-05	1.758808e+00	6.053950e-05	6.213880e-05	-1.226783e-04	6.213880e-05
6.063940000000052e-05	1.756403e+00	6.063940e-05	6.223910e-05	-1.228785e-04	6.223910e-05
6.073930000000052e-05	1.754000e+00	6.073930e-05	6.233941e-05	-1.230787e-04	6.233941e-05
6.083920000000052e-05	1.751599e+00	6.083920e-05	6.243971e-05	-1.232789e-04	6.243971e-05
6.093910000000052e-05	1.749198e+00	6.093910e-05	6.254001e-05	-1.234791e-04	6.254001e-05
6.103900000000052e-05	1.746799e+00	6.103900e-05	6.264030e-05	-1.236793e-04	6.264030e-05
6.113890000000052e-05	1.744402e+00	6.113890e-05	6.274058e-05	-1.238795e-04	6.274058e-05
6.123880000000052e-05	1.742005e+00	6.123880e-05	6.284086e-05	-1.240797e-04	6.284086e-05
6.133870000000051e-05	1.739610e+00	6.133870e-05	6.294113e-05	-1.242798e-04	6.294113e-05
6.143860000000051e-05	1.737217e+00	6.143860e-05	6.304140e-05	-1.244800e-04	6.304140e-05
6.153850000000050e-05	1.734825e+00	6.153850e-05	6.314166e-05	-1.246802e-04	6.314166e-05
6.163840000000050e-05	1.732434e+00	6.163840e-05	6.324192e-05	-1.248803e-04	6.324192e-05
6.173830000000049e-05	1.730044e+00	6.173830e-05	6.334217e-05	-1.250805e-04	6.334217e-05
6.183820000000049e-05	1.727656e+00	6.183820e-05	6.344241e-05	-1.252806e-04	6.344241e-05
6.193810000000048e-05	1.725269e+00	6.193810e-05	6.354265e-05	-1.254808e-04	6.354265e-05
6.203800000000048e-05	1.722883e+00	6.203800e-05	6.364288e-05	-1.256809e-04	6.364288e-05
6.213790000000047e-05	1.720499e+00	6.213790e-05	6.374311e-05	-1.258810e-04	6.374311e-05
6.223780000000047e-05	1.718116e+00	6.223780e-05	6.384333e-05	-1.260811e-04	6.384333e-05
6.233770000000047e-05	1.715734e+00	6.233770e-05	6.394355e-05	-1.262813e-04	6.394355e-05
6.243760000000046e-05	1.713354e+00	6.243760e-05	6.404376e-05	-1.264814e-04	6.404376e-05
6.253750000000046e-05	1.710975e+00	6.253750e-05	6.414397e-05	-1.266815e-04	6.414397e-05
6.263740000000045e-05	1.708597e+00	6.263740e-05	6.424417e-05	-1.268816e-04	6.424417e-05
6.273730000000045e-05	1.706221e+00	6.273730e-05	6.434437e-05	-1.270817e-04	6.434437e-05
6.283720000000044e-05	1.703845e+00	6.283720e-05	6.444456e-05	-1.272818e-04	6.444456e-05
6.293710000000044e-05	1.701471e+00	6.293710e-05	6.454474e-05	-1.274818e-04	6.454474e-05
6.303700000000043e-05	1.699099e+00	6.303700e-05	6.464492e-05	-1.276819e-04	6.464492e-05
6.313690000000043e-05	1.696728e+00	6.313690e-05	6.474509e-05	-1.278820e-04	6.474509e-05
6.323680000000042e-05	1.694358e+00	6.323680e-05	6.484526e-05	-1.280821e-04	6.484526e-05
6.333670000000042e-05	1.691989e+00	6.333670e-05	6.494542e-05	-1.282821e-04	6.494542e-05
6.343660000000042e-05	1.689621e+00	6.343660e-05	6.504558e-05	-1.284822e-04	6.504558e-05
6.353650000000041e-05	1.687255e+00	6.353650e-05	6.514574e-05	-1.286822e-04	6.514574e-05
6.363640000000041e-05	1.684890e+00	6.363640e-05	6.524588e-05	-1.288823e-04	6.524588e-05
6.373630000000040e-05	1.682526e+00	6.373630e-05	6.534602e-05	-1.290823e-04	6.534602e-05
6.383620000000040e-05	1.680164e+00	6.383620e-05	6.544615e-05	-1.292824e-04	6.544615e-05
6.393610000000039e-05	1.677803e+00	6.393610e-05	6.554629e-05	-1.294824e-04	6.554629e-05
6.403600000000039e-05	1.675443e+00	6.403600e-05	6.564641e-05	-1.296824e-04	6.564641e-05
6.413590000000038e-05	1.673084e+00	6.413590e-05	6.574653e-05	-1.298824e-04	6.574653e-05
6.423580000000038e-05	1.670727e+00	6.423580e-05	6.584664e-05	-1.300824e-04	6.584664e-05
6.433570000000037e-05	1.668371e+00	6.433570e-05	6.594675e-05	-1.302825e-04	6.594675e-05
6.443560000000037e-05	1.666016e+00	6.443560e-05	6.604685e-05	-1.304825e-04	6.604685e-05
6.453550000000036e-05	1.663662e+00	6.453550e-05	6.614695e-05	-1.306824e-04	6.614695e-05
6.463540000000036e-05	1.661310e+00	6.463540e-05	6.624704e-05	-1.308824e-04	6.624704e-05
6.473530000000036e-05	1.658958e+00	6.473530e-05	6.634712e-05	-1.310824e-04	6.634712e-05
6.483520000000035e-05	1.656608e+00	6.483520e-05	6.644720e-05	-1.312824e-04	6.644720e-05
6.493510000000035e-05	1.654260e+00	6.493510e-05	6.654728e-05	-1.314824e-04	6.654728e-05
6.503500000000034e-05	1.651912e+00	6.503500e-05	6.664735e-05	-1.316823e-04	6.664735e-05
6.513490000000034e-05	1.649566e+00	6.513490e-05	6.674742e-05	-1.318823e-04	6.674742e-05
6.523480000000033e-05	1.647221e+00	6.523480e-05	6.684747e-05	-1.320823e-04	6.684747e-05
6.533470000000033e-05	1.644877e+00	6.533470e-05	6.694753e-05	-1.322822e-04	6.694753e-05
6.543460000000032e-05	1.642534e+00	6.543460e-05	6.704757e-05	-1.324822e-04	6.704757e-05
6.553450000000032e-05	1.640193e+00	6.553450e-05	6.714762e-05	-1.326821e-04	6.714762e-05
6.563440000000031e-05	1.637853e+00	6.563440e-05	6.724765e-05	-1.328821e-04	6.724765e-05
6.573430000000031e-05	1.635514e+00	6.573430e-05	6.734768e-05	-1.330820e-04	6.734768e-05
6.583420000000031e-05	1.633176e+00	6.583420e-05	6.744771e-05	-1.332819e-04	6.744771e-05
6.593410000000030e-05	1.630839e+00	6.593410e-05	6.754773e-05	-1.334818e-04	6.754773e-05
6.603400000000030e-05	1.628504e+00	6.603400e-05	6.764774e-05	-1.336817e-04	6.764774e-05
6.613390000000029e-05	1.626169e+00	6.613390e-05	6.774775e-05	-1.338817e-04	6.774775e-05
6.623380000000029e-05	1.623836e+00	6.623380e-05	6.784775e-05	-1.340816e-04	6.784775e-05
6.633370000000028e-05	1.621504e+00	6.633370e-05	6.794775e-05	-1.342815e-04	6.794775e-05
6.643360000000028e-05	1.619174e+00	6.643360e-05	6.804775e-05	-1.344813e-04	6.804775e-05
6.653350000000027e-05	1.616844e+00	6.653350e-05	6.814773e-05	-1.346812e-04	6.814773e-05
6.663340000000027e-05	1.614516e+00	6.663340e-05	6.824772e-05	-1.348811e-04	6.824772e-05
6.673330000000026e-05	1.612189e+00	6.673330e-05	6.834769e-05	-1.350810e-04	6.834769e-05
6.683320000000026e-05	1.609863e+00	6.683320e-05	6.844766e-05	-1.352809e-04	6.844766e-05
6.693310000000026e-05	1.607538e+00	6.693310e-05	6.854763e-05	-1.354807e-04	6.854763e-05
6.703300000000025e-05	1.605214e+00	6.703300e-05	6.864759e-05	-1.356806e-04	6.864759e-05
6.713290000000025e-05	1.602892e+00	6.713290e-05	6.874755e-05	-1.358804e-04	6.874755e-05
6.723280000000024e-05	1.600570e+00	6.723280e-05	6.884750e-05	-1.360803e-04	6.884750e-05
6.733270000000024e-05	1.598250e+00	6.733270e-05	6.894744e-05	-1.362801e-04	6.894744e-05
6.743260000000023e-05	1.595931e+00	6.743260e-05	6.904738e-05	-1.364800e-04	6.904738e-05
6.753250000000023e-05	1.593613e+00	6.753250e-05	6.914731e-05	-1.366798e-04	6.914731e-05
6.763240000000022e-05	1.591297e+00	6.763240e-05	6.924724e-05	-1.368796e-04	6.924724e-05
6.773230000000022e-05	1.588981e+00	6.773230e-05	6.934716e-05	-1.370795e-04	6.934716e-05
6.783220000000021e-05	1.586667e+00	6.783220e-05	6.944708e-05	-1.372793e-04	6.944708e-05
6.793210000000021e-05	1.584353e+00	6.793210e-05	6.954699e-05	-1.374791e-04	6.954699e-05
6.803200000000021e-05	1.582041e+00	6.803200e-05	6.964689e-05	-1.376789e-04	6.964689e-05
6.813190000000020e-05	1.579730e+00	6.813190e-05	6.974680e-05	-1.378787e-04	6.974680e-05
6.823180000000020e-05	1.577420e+00	6.823180e-05	6.984669e-05	-1.380785e-04	6.984669e-05
6.833170000000019e-05	1.575112e+00	6.833170e-05	6.994658e-05	-1.382783e-04	6.994658e-05
6.843160000000019e-05	1.572804e+00	6.843160e-05	7.004647e-05	-1.384781e-04	7.004647e-05
6.853150000000018e-05	1.570498e+00	6.853150e-05	7.014634e-05	-1.386778e-04	7.014634e-05
6.863140000000018e-05	1.568192e+00	6.863140e-05	7.024622e-05	-1.388776e-04	7.024622e-05
6.873130000000017e-05	1.565888e+00	6.873130e-05	7.034608e-05	-1.390774e-04	7.034608e-05
6.883120000000017e-05	1.563585e+00	6.883120e-05	7.044595e-05	-1.392772e-04	7.044595e-05
6.893110000000016e-05	1.561283e+00	6.893110e-05	7.054581e-05	-1.394769e-04	7.054581e-05
6.903100000000016e-05	1.558982e+00	6.903100e-05	7.064566e-05	-1.396767e-04	7.064566e-05
6.913090000000015e-05	1.556682e+00	6.913090e-05	7.074550e-05	-1.398764e-04	7.074550e-05
6.923080000000015e-05	1.554383e+00	6.923080e-05	7.084534e-05	-1.400761e-04	7.084534e-05
6.933070000000015e-05	1.552086e+00	6.933070e-05	7.094518e-05	-1.402759e-04	7.094518e-05
6.943060000000014e-05	1.549789e+00	6.943060e-05	7.104501e-05	-1.404756e-04	7.104501e-05
6.953050000000014e-05	1.547494e+00	6.953050e-05	7.114484e-05	-1.406753e-04	7.114484e-05
6.963040000000013e-05	1.545200e+00	6.963040e-05	7.124466e-05	-1.408751e-04	7.124466e-05
6.973030000000013e-05	1.542906e+00	6.973030e-05	7.134447e-05	-1.410748e-04	7.134447e-05
6.983020000000012e-05	1.540614e+00	6.983020e-05	7.144428e-05	-1.412745e-04	7.144428e-05
6.993010000000012e-05	1.538323e+00	6.993010e-05	7.154408e-05	-1.414742e-04	7.154408e-05
7.003000000000011e-05	1.536033e+00	7.003000e-05	7.164388e-05	-1.416739e-04	7.164388e-05
7.012990000000011e-05	1.533744e+00	7.012990e-05	7.174367e-05	-1.418736e-04	7.174367e-05
7.022980000000010e-05	1.531457e+00	7.022980e-05	7.184346e-05	-1.420733e-04	7.184346e-05
7.032970000000010e-05	1.529170e+00	7.032970e-05	7.194324e-05	-1.422729e-04	7.194324e-05
7.042960000000010e-05	1.526884e+00	7.042960e-05	7.204302e-05	-1.424726e-04	7.204302e-05
7.052950000000009e-05	1.524600e+00	7.052950e-05	7.214279e-05	-1.426723e-04	7.214279e-05
7.062940000000009e-05	1.522316e+00	7.062940e-05	7.224255e-05	-1.428720e-04	7.224255e-05
7.072930000000008e-05	1.520034e+00	7.072930e-05	7.234231e-05	-1.430716e-04	7.234231e-05
7.082920000000008e-05	1.517753e+00	7.082920e-05	7.244207e-05	-1.432713e-04	7.244207e-05
7.092910000000007e-05	1.515472e+00	7.092910e-05	7.254182e-05	-1.434709e-04	7.254182e-05
7.102900000000007e-05	1.513193e+00	7.102900e-05	7.264157e-05	-1.436706e-04	7.264157e-05
7.112890000000006e-05	1.510915e+00	7.112890e-05	7.274131e-05	-1.438702e-04	7.274131e-05
7.122880000000006e-05	1.508638e+00	7.122880e-05	7.284104e-05	-1.440698e-04	7.284104e-05
7.132870000000005e-05	1.506362e+00	7.132870e-05	7.294076e-05	-1.442695e-04	7.294076e-05
7.142860000000005e-05	1.504087e+00	7.142860e-05	7.304049e-05	-1.444691e-04	7.304049e-05
7.152850000000005e-05	1.501813e+00	7.152850e-05	7.314020e-05	-1.446687e-04	7.314020e-05
7.162840000000004e-05	1.499540e+00	7.162840e-05	7.323992e-05	-1.448683e-04	7.323992e-05
7.172830000000004e-05	1.497268e+00	7.172830e-05	7.333962e-05	-1.450679e-04	7.333962e-05
7.182820000000003e-05	1.494998e+00	7.182820e-05	7.343933e-05	-1.452675e-04	7.343933e-05
7.192810000000003e-05	1.492728e+00	7.192810e-05	7.353902e-05	-1.454671e-04	7.353902e-05
7.202800000000002e-05	1.490459e+00	7.202800e-05	7.363871e-05	-1.456667e-04	7.363871e-05
7.212790000000002e-05	1.488191e+00	7.212790e-05	7.373840e-05	-1.458663e-04	7.373840e-05
7.222780000000001e-05	1.485925e+00	7.222780e-05	7.383808e-05	-1.460659e-04	7.383808e-05
7.232770000000001e-05	1.483659e+00	7.232770e-05	7.393775e-05	-1.462654e-04	7.393775e-05
7.242760000000000e-05	1.481395e+00	7.242760e-05	7.403742e-05	-1.464650e-04	7.403742e-05
7.252750000000000e-05	1.479131e+00	7.252750e-05	7.413708e-05	-1.466646e-04	7.413708e-05
7.262740000000000e-05	1.476869e+00	7.262740e-05	7.423674e-05	-1.468641e-04	7.423674e-05
7.272729999999999e-05	1.474607e+00	7.272730e-05	7.433639e-05	-1.470637e-04	7.433639e-05
7.282719999999999e-05	1.472347e+00	7.282720e-05	7.443604e-05	-1.472632e-04	7.443604e-05
7.292709999999998e-05	1.470087e+00	7.292710e-05	7.453568e-05	-1.474628e-04	7.453568e-05
7.302699999999998e-05	1.467829e+00	7.302700e-05	7.463532e-05	-1.476623e-04	7.463532e-05
7.312689999999997e-05	1.465571e+00	7.312690e-05	7.473495e-05	-1.478619e-04	7.473495e-05
7.322679999999997e-05	1.463315e+00	7.322680e-05	7.483458e-05	-1.480614e-04	7.483458e-05
7.332669999999996e-05	1.461059e+00	7.332670e-05	7.493420e-05	-1.482609e-04	7.493420e-05
7.342659999999996e-05	1.458805e+00	7.342660e-05	7.503381e-05	-1.484604e-04	7.503381e-05
7.352649999999995e-05	1.456551e+00	7.352650e-05	7.513342e-05	-1.486599e-04	7.513342e-05
7.362639999999995e-05	1.454299e+00	7.362640e-05	7.523303e-05	-1.488594e-04	7.523303e-05
7.372629999999994e-05	1.452048e+00	7.372630e-05	7.533263e-05	-1.490589e-04	7.533263e-05
7.382619999999994e-05	1.449797e+00	7.382620e-05	7.543222e-05	-1.492584e-04	7.543222e-05
7.392609999999994e-05	1.447548e+00	7.392610e-05	7.553181e-05	-1.494579e-04	7.553181e-05
7.402599999999993e-05	1.445299e+00	7.402600e-05	7.563140e-05	-1.496574e-04	7.563140e-05
7.412589999999993e-05	1.443052e+00	7.412590e-05	7.573098e-05	-1.498569e-04	7.573098e-05
7.422579999999992e-05	1.440806e+00	7.422580e-05	7.583055e-05	-1.500564e-04	7.583055e-05
7.432569999999992e-05	1.438560e+00	7.432570e-05	7.593011e-05	-1.502558e-04	7.593011e-05
7.442559999999991e-05	1.436316e+00	7.442560e-05	7.602968e-05	-1.504553e-04	7.602968e-05
7.452549999999991e-05	1.434072e+00	7.452550e-05	7.612923e-05	-1.506547e-04	7.612923e-05
7.462539999999990e-05	1.431830e+00	7.462540e-05	7.622878e-05	-1.508542e-04	7.622878e-05
7.472529999999990e-05	1.429588e+00	7.472530e-05	7.632833e-05	-1.510536e-04	7.632833e-05
7.482519999999989e-05	1.427347e+00	7.482520e-05	7.642787e-05	-1.512531e-04	7.642787e-05
7.492509999999989e-05	1.425108e+00	7.492510e-05	7.652741e-05	-1.514525e-04	7.652741e-05
7.502499999999989e-05	1.422869e+00	7.502500e-05	7.662694e-05	-1.516519e-04	7.662694e-05
7.512489999999988e-05	1.420632e+00	7.512490e-05	7.672646e-05	-1.518514e-04	7.672646e-05
7.522479999999988e-05	1.418395e+00	7.522480e-05	7.682598e-05	-1.520508e-04	7.682598e-05
7.532469999999987e-05	1.416159e+00	7.532470e-05	7.692550e-05	-1.522502e-04	7.692550e-05
7.542459999999987e-05	1.413924e+00	7.542460e-05	7.702500e-05	-1.524496e-04	7.702500e-05
7.552449999999986e-05	1.411691e+00	7.552450e-05	7.712451e-05	-1.526490e-04	7.712451e-05
7.562439999999986e-05	1.409458e+00	7.562440e-05	7.722400e-05	-1.528484e-04	7.722400e-05
7.572429999999985e-05	1.407226e+00	7.572430e-05	7.732350e-05	-1.530478e-04	7.732350e-05
7.582419999999985e-05	1.404995e+00	7.582420e-05	7.742298e-05	-1.532472e-04	7.742298e-05
7.592409999999984e-05	1.402765e+00	7.592410e-05	7.752247e-05	-1.534466e-04	7.752247e-05
7.602399999999984e-05	1.400536e+00	7.602400e-05	7.762195e-05	-1.536459e-04	7.762195e-05
7.612389999999984e-05	1.398308e+00	7.612390e-05	7.772142e-05	-1.538453e-04	7.772142e-05
7.622379999999983e-05	1.396081e+00	7.622380e-05	7.782089e-05	-1.540447e-04	7.782089e-05
7.632369999999983e-05	1.393855e+00	7.632370e-05	7.792034e-05	-1.542440e-04	7.792034e-05
7.642359999999982e-05	1.391630e+00	7.642360e-05	7.801980e-05	-1.544434e-04	7.801980e-05
7.652349999999982e-05	1.389405e+00	7.652350e-05	7.811925e-05	-1.546428e-04	7.811925e-05
7.662339999999981e-05	1.387182e+00	7.662340e-05	7.821869e-05	-1.548421e-04	7.821869e-05
7.672329999999981e-05	1.384959e+00	7.672330e-05	7.831813e-05	-1.550414e-04	7.831813e-05
7.682319999999980e-05	1.382738e+00	7.682320e-05	7.841756e-05	-1.552408e-04	7.841756e-05
7.692309999999980e-05	1.380517e+00	7.692310e-05	7.851700e-05	-1.554401e-04	7.851700e-05
7.702299999999979e-05	1.378298e+00	7.702300e-05	7.861642e-05	-1.556394e-04	7.861642e-05
7.712289999999979e-05	1.376079e+00	7.712290e-05	7.871584e-05	-1.558387e-04	7.871584e-05
7.722279999999979e-05	1.373861e+00	7.722280e-05	7.881525e-05	-1.560380e-04	7.881525e-05
7.732269999999978e-05	1.371644e+00	7.732270e-05	7.891466e-05	-1.562374e-04	7.891466e-05
7.742259999999978e-05	1.369429e+00	7.742260e-05	7.901406e-05	-1.564367e-04	7.901406e-05
7.752249999999977e-05	1.367214e+00	7.752250e-05	7.911346e-05	-1.566360e-04	7.911346e-05
7.762239999999977e-05	1.365000e+00	7.762240e-05	7.921285e-05	-1.568352e-04	7.921285e-05
7.772229999999976e-05	1.362786e+00	7.772230e-05	7.931224e-05	-1.570345e-04	7.931224e-05
7.782219999999976e-05	1.360574e+00	7.782220e-05	7.941161e-05	-1.572338e-04	7.941161e-05
7.792209999999975e-05	1.358363e+00	7.792210e-05	7.951100e-05	-1.574331e-04	7.951100e-05
7.802199999999975e-05	1.356152e+00	7.802200e-05	7.961036e-05	-1.576324e-04	7.961036e-05
7.812189999999974e-05	1.353943e+00	7.812190e-05	7.970973e-05	-1.578316e-04	7.970973e-05
7.822179999999974e-05	1.351734e+00	7.822180e-05	7.980909e-05	-1.580309e-04	7.980909e-05
7.832169999999973e-05	1.349527e+00	7.832170e-05	7.990844e-05	-1.582301e-04	7.990844e-05
7.842159999999973e-05	1.347320e+00	7.842160e-05	8.000779e-05	-1.584294e-04	8.000779e-05
7.852149999999973e-05	1.345114e+00	7.852150e-05	8.010714e-05	-1.586286e-04	8.010714e-05
7.862139999999972e-05	1.342909e+00	7.862140e-05	8.020648e-05	-1.588279e-04	8.020648e-05
7.872129999999972e-05	1.340705e+00	7.872130e-05	8.030581e-05	-1.590271e-04	8.030581e-05
7.882119999999971e-05	1.338502e+00	7.882120e-05	8.040514e-05	-1.592263e-04	8.040514e-05
7.892109999999971e-05	1.336299e+00	7.892110e-05	8.050445e-05	-1.594256e-04	8.050445e-05
7.902099999999970e-05	1.334098e+00	7.902100e-05	8.060378e-05	-1.596248e-04	8.060378e-05
7.912089999999970e-05	1.331897e+00	7.912090e-05	8.070309e-05	-1.598240e-04	8.070309e-05
7.922079999999969e-05	1.329698e+00	7.922080e-05	8.080240e-05	-1.600232e-04	8.080240e-05
7.932069999999969e-05	1.327499e+00	7.932070e-05	8.090169e-05	-1.602224e-04	8.090169e-05
7.942059999999968e-05	1.325301e+00	7.942060e-05	8.100100e-05	-1.604216e-04	8.100100e-05
7.952049999999968e-05	1.323104e+00	7.952050e-05	8.110028e-05	-1.606208e-04	8.110028e-05
7.962039999999968e-05	1.320908e+00	7.962040e-05	8.119957e-05	-1.608200e-04	8.119957e-05
7.972029999999967e-05	1.318713e+00	7.972030e-05	8.129885e-05	-1.610192e-04	8.129885e-05
7.982019999999967e-05	1.316519e+00	7.982020e-05	8.139812e-05	-1.612183e-04	8.139812e-05
7.992009999999966e-05	1.314325e+00	7.992010e-05	8.149740e-05	-1.614175e-04	8.149740e-05
8.001999999999966e-05	1.312133e+00	8.002000e-05	8.159666e-05	-1.616167e-04	8.159666e-05
8.011989999999965e-05	1.309941e+00	8.011990e-05	8.169591e-05	-1.618158e-04	8.169591e-05
8.021979999999965e-05	1.307750e+00	8.021980e-05	8.179517e-05	-1.620150e-04	8.179517e-05
8.031969999999964e-05	1.305560e+00	8.031970e-05	8.189442e-05	-1.622141e-04	8.189442e-05
8.041959999999964e-05	1.303371e+00	8.041960e-05	8.199366e-05	-1.624133e-04	8.199366e-05
8.051949999999963e-05	1.301183e+00	8.051950e-05	8.209290e-05	-1.626124e-04	8.209290e-05
8.061939999999963e-05	1.298995e+00	8.061940e-05	8.219213e-05	-1.628115e-04	8.219213e-05
8.071929999999963e-05	1.296809e+00	8.071930e-05	8.229136e-05	-1.630107e-04	8.229136e-05
8.081919999999962e-05	1.294623e+00	8.081920e-05	8.239059e-05	-1.632098e-04	8.239059e-05
8.091909999999962e-05	1.292439e+00	8.091910e-05	8.248980e-05	-1.634089e-04	8.248980e-05
8.101899999999961e-05	1.290255e+00	8.101900e-05	8.258901e-05	-1.636080e-04	8.258901e-05
8.111889999999961e-05	1.288072e+00	8.111890e-05	8.268822e-05	-1.638071e-04	8.268822e-05
8.121879999999960e-05	1.285889e+00	8.121880e-05	8.278742e-05	-1.640062e-04	8.278742e-05
8.131869999999960e-05	1.283708e+00	8.131870e-05	8.288662e-05	-1.642053e-04	8.288662e-05
8.141859999999959e-05	1.281528e+00	8.141860e-05	8.298580e-05	-1.644044e-04	8.298580e-05
8.151849999999959e-05	1.279348e+00	8.151850e-05	8.308499e-05	-1.646035e-04	8.308499e-05
8.161839999999958e-05	1.277169e+00	8.161840e-05	8.318417e-05	-1.648026e-04	8.318417e-05
8.171829999999958e-05	1.274991e+00	8.171830e-05	8.328335e-05	-1.650016e-04	8.328335e-05
8.181819999999958e-05	1.272814e+00	8.181820e-05	8.338251e-05	-1.652007e-04	8.338251e-05
8.191809999999957e-05	1.270638e+00	8.191810e-05	8.348167e-05	-1.653998e-04	8.348167e-05
8.201799999999957e-05	1.268462e+00	8.201800e-05	8.358084e-05	-1.655988e-04	8.358084e-05
8.211789999999956e-05	1.266288e+00	8.211790e-05	8.367999e-05	-1.657979e-04	8.367999e-05
8.221779999999956e-05	1.264114e+00	8.221780e-05	8.377914e-05	-1.659969e-04	8.377914e-05
8.231769999999955e-05	1.261941e+00	8.231770e-05	8.387828e-05	-1.661960e-04	8.387828e-05
8.241759999999955e-05	1.259769e+00	8.241760e-05	8.397741e-05	-1.663950e-04	8.397741e-05
8.251749999999954e-05	1.257597e+00	8.251750e-05	8.407655e-05	-1.665941e-04	8.407655e-05
8.261739999999954e-05	1.255427e+00	8.261740e-05	8.417568e-05	-1.667931e-04	8.417568e-05
8.271729999999953e-05	1.253257e+00	8.271730e-05	8.427480e-05	-1.669921e-04	8.427480e-05
8.281719999999953e-05	1.251089e+00	8.281720e-05	8.437392e-05	-1.671911e-04	8.437392e-05
8.291709999999952e-05	1.248921e+00	8.291710e-05	8.447302e-05	-1.673901e-04	8.447302e-05
8.301699999999952e-05	1.246753e+00	8.301700e-05	8.457213e-05	-1.675891e-04	8.457213e-05
8.311689999999952e-05	1.244587e+00	8.311690e-05	8.467124e-05	-1.677881e-04	8.467124e-05
8.321679999999951e-05	1.242422e+00	8.321680e-05	8.477033e-05	-1.679871e-04	8.477033e-05
8.331669999999951e-05	1.240257e+00	8.331670e-05	8.486942e-05	-1.681861e-04	8.486942e-05
8.341659999999950e-05	1.238093e+00	8.341660e-05	8.496850e-05	-1.683851e-04	8.496850e-05
8.351649999999950e-05	1.235930e+00	8.351650e-05	8.506759e-05	-1.685841e-04	8.506759e-05
8.361639999999949e-05	1.233768e+00	8.361640e-05	8.516666e-05	-1.687831e-04	8.516666e-05
8.371629999999949e-05	1.231606e+00	8.371630e-05	8.526572e-05	-1.689820e-04	8.526572e-05
8.381619999999948e-05	1.229446e+00	8.381620e-05	8.536479e-05	-1.691810e-04	8.536479e-05
8.391609999999948e-05	1.227286e+00	8.391610e-05	8.546385e-05	-1.693799e-04	8.546385e-05
8.401599999999947e-05	1.225127e+00	8.401600e-05	8.556290e-05	-1.695789e-04	8.556290e-05
8.411589999999947e-05	1.222969e+00	8.411590e-05	8.566195e-05	-1.697778e-04	8.566195e-05
8.421579999999947e-05	1.220811e+00	8.421580e-05	8.576099e-05	-1.699768e-04	8.576099e-05
8.431569999999946e-05	1.218655e+00	8.431570e-05	8.586003e-05	-1.701757e-04	8.586003e-05
8.441559999999946e-05	1.216499e+00	8.441560e-05	8.595906e-05	-1.703747e-04	8.595906e-05
8.451549999999945e-05	1.214344e+00	8.451550e-05	8.605809e-05	-1.705736e-04	8.605809e-05
8.461539999999945e-05	1.212190e+00	8.461540e-05	8.615711e-05	-1.707725e-04	8.615711e-05
8.471529999999944e-05	1.210037e+00	8.471530e-05	8.625613e-05	-1.709714e-04	8.625613e-05
8.481519999999944e-05	1.207884e+00	8.481520e-05	8.635514e-05	-1.711703e-04	8.635514e-05
8.491509999999943e-05	1.205732e+00	8.491510e-05	8.645414e-05	-1.713692e-04	8.645414e-05
8.501499999999943e-05	1.203581e+00	8.501500e-05	8.655314e-05	-1.715681e-04	8.655314e-05
8.511489999999942e-05	1.201431e+00	8.511490e-05	8.665214e-05	-1.717670e-04	8.665214e-05
8.521479999999942e-05	1.199281e+00	8.521480e-05	8.675113e-05	-1.719659e-04	8.675113e-05
8.531469999999942e-05	1.197133e+00	8.531470e-05	8.685012e-05	-1.721648e-04	8.685012e-05
8.541459999999941e-05	1.194985e+00	8.541460e-05	8.694909e-05	-1.723637e-04	8.694909e-05
8.551449999999941e-05	1.192838e+00	8.551450e-05	8.704807e-05	-1.725626e-04	8.704807e-05
8.561439999999940e-05	1.190692e+00	8.561440e-05	8.714703e-05	-1.727614e-04	8.714703e-05
8.571429999999940e-05	1.188546e+00	8.571430e-05	8.724600e-05	-1.729603e-04	8.724600e-05
8.581419999999939e-05	1.186401e+00	8.581420e-05	8.734495e-05	-1.731592e-04	8.734495e-05
8.591409999999939e-05	1.184257e+00	8.591410e-05	8.744391e-05	-1.733580e-04	8.744391e-05
8.601399999999938e-05	1.182114e+00	8.601400e-05	8.754286e-05	-1.735569e-04	8.754286e-05
8.611389999999938e-05	1.179972e+00	8.611390e-05	8.764180e-05	-1.737557e-04	8.764180e-05
8.621379999999937e-05	1.177830e+00	8.621380e-05	8.774074e-05	-1.739545e-04	8.774074e-05
8.631369999999937e-05	1.175689e+00	8.631370e-05	8.783967e-05	-1.741534e-04	8.783967e-05
8.641359999999937e-05	1.173549e+00	8.641360e-05	8.793860e-05	-1.743522e-04	8.793860e-05
8.651349999999936e-05	1.171410e+00	8.651350e-05	8.803752e-05	-1.745510e-04	8.803752e-05
8.661339999999936e-05	1.169271e+00	8.661340e-05	8.813643e-05	-1.747498e-04	8.813643e-05
8.671329999999935e-05	1.167134e+00	8.671330e-05	8.823534e-05	-1.749486e-04	8.823534e-05
8.681319999999935e-05	1.164997e+00	8.681320e-05	8.833425e-05	-1.751474e-04	8.833425e-05
8.691309999999934e-05	1.162860e+00	8.691310e-05	8.843315e-05	-1.753463e-04	8.843315e-05
8.701299999999934e-05	1.160725e+00	8.701300e-05	8.853205e-05	-1.755451e-04	8.853205e-05
8.711289999999933e-05	1.158590e+00	8.711290e-05	8.863094e-05	-1.757438e-04	8.863094e-05
8.721279999999933e-05	1.156456e+00	8.721280e-05	8.872982e-05	-1.759426e-04	8.872982e-05
8.731269999999932e-05	1.154323e+00	8.731270e-05	8.882870e-05	-1.761414e-04	8.882870e-05
8.741259999999932e-05	1.152191e+00	8.741260e-05	8.892758e-05	-1.763402e-04	8.892758e-05
8.751249999999932e-05	1.150059e+00	8.751250e-05	8.902644e-05	-1.765389e-04	8.902644e-05
8.761239999999931e-05	1.147928e+00	8.761240e-05	8.912531e-05	-1.767377e-04	8.912531e-05
8.771229999999931e-05	1.145798e+00	8.771230e-05	8.922417e-05	-1.769365e-04	8.922417e-05
8.781219999999930e-05	1.143668e+00	8.781220e-05	8.932302e-05	-1.771352e-04	8.932302e-05
8.791209999999930e-05	1.141540e+00	8.791210e-05	8.942186e-05	-1.773340e-04	8.942186e-05
8.801199999999929e-05	1.139412e+00	8.801200e-05	8.952070e-05	-1.775327e-04	8.952070e-05
8.811189999999929e-05	1.137285e+00	8.811190e-05	8.961954e-05	-1.777314e-04	8.961954e-05
8.821179999999928e-05	1.135158e+00	8.821180e-05	8.971838e-05	-1.779302e-04	8.971838e-05
8.831169999999928e-05	1.133032e+00	8.831170e-05	8.981720e-05	-1.781289e-04	8.981720e-05
8.841159999999927e-05	1.130907e+00	8.841160e-05	8.991602e-05	-1.783276e-04	8.991602e-05
8.851149999999927e-05	1.128783e+00	8.851150e-05	9.001484e-05	-1.785263e-04	9.001484e-05
8.861139999999926e-05	1.126660e+00	8.861140e-05	9.011365e-05	-1.787251e-04	9.011365e-05
8.871129999999926e-05	1.124537e+00	8.871130e-05	9.021246e-05	-1.789238e-04	9.021246e-05
8.881119999999926e-05	1.122415e+00	8.881120e-05	9.031126e-05	-1.791224e-04	9.031126e-05
8.891109999999925e-05	1.120294e+00	8.891110e-05	9.041005e-05	-1.793212e-04	9.041005e-05
8.901099999999925e-05	1.118173e+00	8.901100e-05	9.050884e-05	-1.795198e-04	9.050884e-05
8.911089999999924e-05	1.116053e+00	8.911090e-05	9.060762e-05	-1.797185e-04	9.060762e-05
8.921079999999924e-05	1.113934e+00	8.921080e-05	9.070640e-05	-1.799172e-04	9.070640e-05
8.931069999999923e-05	1.111816e+00	8.931070e-05	9.080518e-05	-1.801159e-04	9.080518e-05
8.941059999999923e-05	1.109698e+00	8.941060e-05	9.090395e-05	-1.803145e-04	9.090395e-05
8.951049999999922e-05	1.107581e+00	8.951050e-05	9.100272e-05	-1.805132e-04	9.100272e-05
8.961039999999922e-05	1.105465e+00	8.961040e-05	9.110147e-05	-1.807119e-04	9.110147e-05
8.971029999999921e-05	1.103350e+00	8.971030e-05	9.120022e-05	-1.809105e-04	9.120022e-05
8.981019999999921e-05	1.101235e+00	8.981020e-05	9.129897e-05	-1.811092e-04	9.129897e-05
8.991009999999921e-05	1.099121e+00	8.991010e-05	9.139771e-05	-1.813078e-04	9.139771e-05
9.000999999999920e-05	1.097008e+00	9.001000e-05	9.149645e-05	-1.815064e-04	9.149645e-05
9.010989999999920e-05	1.094895e+00	9.010990e-05	9.159518e-05	-1.817051e-04	9.159518e-05
9.020979999999919e-05	1.092783e+00	9.020980e-05	9.169391e-05	-1.819037e-04	9.169391e-05
9.030969999999919e-05	1.090672e+00	9.030970e-05	9.179263e-05	-1.821023e-04	9.179263e-05
9.040959999999918e-05	1.088562e+00	9.040960e-05	9.189135e-05	-1.823010e-04	9.189135e-05
9.050949999999918e-05	1.086452e+00	9.050950e-05	9.199006e-05	-1.824996e-04	9.199006e-05
9.060939999999917e-05	1.084343e+00	9.060940e-05	9.208876e-05	-1.826982e-04	9.208876e-05
9.070929999999917e-05	1.082235e+00	9.070930e-05	9.218747e-05	-1.828968e-04	9.218747e-05
9.080919999999916e-05	1.080127e+00	9.080920e-05	9.228616e-05	-1.830954e-04	9.228616e-05
9.090909999999916e-05	1.078020e+00	9.090910e-05	9.238485e-05	-1.832939e-04	9.238485e-05
9.100899999999916e-05	1.075914e+00	9.100900e-05	9.248353e-05	-1.834925e-04	9.248353e-05
9.110889999999915e-05	1.073809e+00	9.110890e-05	9.258222e-05	-1.836911e-04	9.258222e-05
9.120879999999915e-05	1.071704e+00	9.120880e-05	9.268089e-05	-1.838897e-04	9.268089e-05
9.130869999999914e-05	1.069600e+00	9.130870e-05	9.277956e-05	-1.840883e-04	9.277956e-05
9.140859999999914e-05	1.067497e+00	9.140860e-05	9.287822e-05	-1.842868e-04	9.287822e-05
9.150849999999913e-05	1.065394e+00	9.150850e-05	9.297688e-05	-1.844854e-04	9.297688e-05
9.160839999999913e-05	1.063292e+00	9.160840e-05	9.307553e-05	-1.846839e-04	9.307553e-05
9.170829999999912e-05	1.061191e+00	9.170830e-05	9.317418e-05	-1.848825e-04	9.317418e-05
9.180819999999912e-05	1.059090e+00	9.180820e-05	9.327282e-05	-1.850810e-04	9.327282e-05
9.190809999999911e-05	1.056991e+00	9.190810e-05	9.337146e-05	-1.852796e-04	9.337146e-05
9.200799999999911e-05	1.054892e+00	9.200800e-05	9.347009e-05	-1.854781e-04	9.347009e-05
9.210789999999911e-05	1.052793e+00	9.210790e-05	9.356872e-05	-1.856766e-04	9.356872e-05
9.220779999999910e-05	1.050695e+00	9.220780e-05	9.366734e-05	-1.858751e-04	9.366734e-05
9.230769999999910e-05	1.048598e+00	9.230770e-05	9.376596e-05	-1.860737e-04	9.376596e-05
9.240759999999909e-05	1.046502e+00	9.240760e-05	9.386457e-05	-1.862722e-04	9.386457e-05
9.250749999999909e-05	1.044406e+00	9.250750e-05	9.396317e-05	-1.864707e-04	9.396317e-05
9.260739999999908e-05	1.042311e+00	9.260740e-05	9.406178e-05	-1.866692e-04	9.406178e-05
9.270729999999908e-05	1.040217e+00	9.270730e-05	9.416037e-05	-1.868677e-04	9.416037e-05
9.280719999999907e-05	1.038123e+00	9.280720e-05	9.425896e-05	-1.870662e-04	9.425896e-05
9.290709999999907e-05	1.036030e+00	9.290710e-05	9.435754e-05	-1.872646e-04	9.435754e-05
9.300699999999906e-05	1.033938e+00	9.300700e-05	9.445613e-05	-1.874631e-04	9.445613e-05
9.310689999999906e-05	1.031847e+00	9.310690e-05	9.455470e-05	-1.876616e-04	9.455470e-05
9.320679999999905e-05	1.029756e+00	9.320680e-05	9.465327e-05	-1.878601e-04	9.465327e-05
9.330669999999905e-05	1.027665e+00	9.330670e-05	9.475183e-05	-1.880585e-04	9.475183e-05
9.340659999999905e-05	1.025576e+00	9.340660e-05	9.485039e-05	-1.882570e-04	9.485039e-05
9.350649999999904e-05	1.023487e+00	9.350650e-05	9.494894e-05	-1.884554e-04	9.494894e-05
9.360639999999904e-05	1.021399e+00	9.360640e-05	9.504749e-05	-1.886539e-04	9.504749e-05
9.370629999999903e-05	1.019311e+00	9.370630e-05	9.514603e-05	-1.888523e-04	9.514603e-05
9.380619999999903e-05	1.017225e+00	9.380620e-05	9.524457e-05	-1.890508e-04	9.524457e-05
9.390609999999902e-05	1.015138e+00	9.390610e-05	9.534310e-05	-1.892492e-04	9.534310e-05
9.400599999999902e-05	1.013053e+00	9.400600e-05	9.544163e-05	-1.894476e-04	9.544163e-05
9.410589999999901e-05	1.010968e+00	9.410590e-05	9.554016e-05	-1.896461e-04	9.554016e-05
9.420579999999901e-05	1.008884e+00	9.420580e-05	9.563867e-05	-1.898445e-04	9.563867e-05
9.430569999999900e-05	1.006800e+00	9.430570e-05	9.573718e-05	-1.900429e-04	9.573718e-05
9.440559999999900e-05	1.004718e+00	9.440560e-05	9.583568e-05	-1.902413e-04	9.583568e-05
9.450549999999900e-05	1.002635e+00	9.450550e-05	9.593419e-05	-1.904397e-04	9.593419e-05
9.460539999999899e-05	1.000554e+00	9.460540e-05	9.603268e-05	-1.906381e-04	9.603268e-05
9.470529999999899e-05	9.984730e-01	9.470530e-05	9.613117e-05	-1.908365e-04	9.613117e-05
9.480519999999898e-05	9.963928e-01	9.480520e-05	9.622965e-05	-1.910349e-04	9.622965e-05
9.490509999999898e-05	9.943134e-01	9.490510e-05	9.632813e-05	-1.912332e-04	9.632813e-05
9.500499999999897e-05	9.922345e-01	9.500500e-05	9.642661e-05	-1.914316e-04	9.642661e-05
9.510489999999897e-05	9.901563e-01	9.510490e-05	9.652508e-05	-1.916300e-04	9.652508e-05
9.520479999999896e-05	9.880788e-01	9.520480e-05	9.662355e-05	-1.918283e-04	9.662355e-05
9.530469999999896e-05	9.860018e-01	9.530470e-05	9.672200e-05	-1.920267e-04	9.672200e-05
9.540459999999895e-05	9.839256e-01	9.540460e-05	9.682045e-05	-1.922251e-04	9.682045e-05
9.550449999999895e-05	9.818500e-01	9.550450e-05	9.691891e-05	-1.924234e-04	9.691891e-05
9.560439999999895e-05	9.797751e-01	9.560440e-05	9.701735e-05	-1.926218e-04	9.701735e-05
9.570429999999894e-05	9.777008e-01	9.570430e-05	9.711579e-05	-1.928201e-04	9.711579e-05
9.580419999999894e-05	9.756272e-01	9.580420e-05	9.721422e-05	-1.930184e-04	9.721422e-05
9.590409999999893e-05	9.735543e-01	9.590410e-05	9.731264e-05	-1.932168e-04	9.731264e-05
9.600399999999893e-05	9.714819e-01	9.600400e-05	9.741107e-05	-1.934151e-04	9.741107e-05
9.610389999999892e-05	9.694102e-01	9.610390e-05	9.750948e-05	-1.936134e-04	9.750948e-05
9.620379999999892e-05	9.673392e-01	9.620380e-05	9.760790e-05	-1.938117e-04	9.760790e-05
9.630369999999891e-05	9.652688e-01	9.630370e-05	9.770630e-05	-1.940100e-04	9.770630e-05
9.640359999999891e-05	9.631990e-01	9.640360e-05	9.780470e-05	-1.942083e-04	9.780470e-05
9.650349999999890e-05	9.611299e-01	9.650350e-05	9.790310e-05	-1.944066e-04	9.790310e-05
9.660339999999890e-05	9.590614e-01	9.660340e-05	9.800149e-05	-1.946049e-04	9.800149e-05
9.670329999999890e-05	9.569936e-01	9.670330e-05	9.809987e-05	-1.948032e-04	9.809987e-05
9.680319999999889e-05	9.549264e-01	9.680320e-05	9.819825e-05	-1.950015e-04	9.819825e-05
9.690309999999889e-05	9.528599e-01	9.690310e-05	9.829663e-05	-1.951997e-04	9.829663e-05
9.700299999999888e-05	9.507939e-01	9.700300e-05	9.839499e-05	-1.953980e-04	9.839499e-05
9.710289999999888e-05	9.487286e-01	9.710290e-05	9.849336e-05	-1.955963e-04	9.849336e-05
9.720279999999887e-05	9.466640e-01	9.720280e-05	9.859172e-05	-1.957945e-04	9.859172e-05
9.730269999999887e-05	9.446000e-01	9.730270e-05	9.869007e-05	-1.959928e-04	9.869007e-05
9.740259999999886e-05	9.425366e-01	9.740260e-05	9.878842e-05	-1.961910e-04	9.878842e-05
9.750249999999886e-05	9.404739e-01	9.750250e-05	9.888676e-05	-1.963893e-04	9.888676e-05
9.760239999999885e-05	9.384117e-01	9.760240e-05	9.898510e-05	-1.965875e-04	9.898510e-05
9.770229999999885e-05	9.363502e-01	9.770230e-05	9.908343e-05	-1.967857e-04	9.908343e-05
9.780219999999884e-05	9.342893e-01	9.780220e-05	9.918176e-05	-1.969840e-04	9.918176e-05
9.790209999999884e-05	9.322291e-01	9.790210e-05	9.928009e-05	-1.971822e-04	9.928009e-05
9.800199999999884e-05	9.301695e-01	9.800200e-05	9.937840e-05	-1.973804e-04	9.937840e-05
9.810189999999883e-05	9.281105e-01	9.810190e-05	9.947671e-05	-1.975786e-04	9.947671e-05
9.820179999999883e-05	9.260521e-01	9.820180e-05	9.957502e-05	-1.977768e-04	9.957502e-05
9.830169999999882e-05	9.239944e-01	9.830170e-05	9.967331e-05	-1.979750e-04	9.967331e-05
9.840159999999882e-05	9.219372e-01	9.840160e-05	9.977161e-05	-1.981732e-04	9.977161e-05
9.850149999999881e-05	9.198807e-01	9.850150e-05	9.986990e-05	-1.983714e-04	9.986990e-05
9.860139999999881e-05	9.178249e-01	9.860140e-05	9.996819e-05	-1.985696e-04	9.996819e-05
9.870129999999880e-05	9.157696e-01	9.870130e-05	1.000665e-04	-1.987678e-04	1.000665e-04
9.880119999999880e-05	9.137149e-01	9.880120e-05	1.001647e-04	-1.989659e-04	1.001647e-04
9.890109999999879e-05	9.116609e-01	9.890110e-05	1.002630e-04	-1.991641e-04	1.002630e-04
9.900099999999879e-05	9.096075e-01	9.900100e-05	1.003613e-04	-1.993623e-04	1.003613e-04
9.910089999999879e-05	9.075547e-01	9.910090e-05	1.004595e-04	-1.995604e-04	1.004595e-04
9.920079999999878e-05	9.055025e-01	9.920080e-05	1.005578e-04	-1.997586e-04	1.005578e-04
9.930069999999878e-05	9.034509e-01	9.930070e-05	1.006560e-04	-1.999567e-04	1.006560e-04
9.940059999999877e-05	9.013999e-01	9.940060e-05	1.007543e-04	-2.001549e-04	1.007543e-04
9.950049999999877e-05	8.993496e-01	9.950050e-05	1.008525e-04	-2.003530e-04	1.008525e-04
9.960039999999876e-05	8.972998e-01	9.960040e-05	1.009507e-04	-2.005511e-04	1.009507e-04
9.970029999999876e-05	8.952507e-01	9.970030e-05	1.010490e-04	-2.007493e-04	1.010490e-04
9.980019999999875e-05	8.932021e-01	9.980020e-05	1.011472e-04	-2.009474e-04	1.011472e-04
9.990009999999875e-05	8.911542e-01	9.990010e-05	1.012454e-04	-2.011455e-04	1.012454e-04
1.000000000000000e-04	8.891069e-01	1.000000e-04	1.013436e-04	-2.013436e-04	1.013436e-04
