iin	V(iin)	V(vout)	I(Iin)	I(Iout)	I(Vout)
1.000000000000000e-07	4.255155e+00	5.000000e+00	1.000000e-07	1.236668e-19	1.236668e-19
1.999000000000000e-07	4.205122e+00	5.000000e+00	1.999000e-07	6.437450e-20	6.437450e-20
2.998000000000000e-07	4.169451e+00	5.000000e+00	2.998000e-07	-1.507719e-18	-1.507719e-18
3.997000000000000e-07	4.140466e+00	5.000000e+00	3.997000e-07	1.355253e-19	1.355253e-19
4.996000000000001e-07	4.115469e+00	5.000000e+00	4.996000e-07	-3.693064e-19	-3.693064e-19
5.995000000000000e-07	4.093275e+00	5.000000e+00	5.995000e-07	-3.017347e-19	-3.017347e-19
6.994000000000000e-07	4.073090e+00	5.000000e+00	6.994000e-07	5.488773e-19	5.488773e-19
7.993000000000000e-07	4.054462e+00	5.000000e+00	7.993000e-07	-4.300358e-19	-4.300358e-19
8.992000000000000e-07	4.037087e+00	5.000000e+00	8.992000e-07	-1.358927e-18	-1.358927e-18
9.991000000000001e-07	4.020745e+00	5.000000e+00	9.991001e-07	-1.039844e-18	-1.039844e-18
1.099000000000000e-06	4.005272e+00	5.000000e+00	1.099000e-06	-1.097755e-18	-1.097755e-18
1.198900000000000e-06	3.990545e+00	5.000000e+00	1.198900e-06	1.144728e-19	1.144728e-19
1.298800000000000e-06	3.976465e+00	5.000000e+00	1.298800e-06	4.871223e-19	4.871223e-19
1.398700000000000e-06	3.962954e+00	5.000000e+00	1.398700e-06	5.964759e-21	5.964759e-21
1.498600000000001e-06	3.949947e+00	5.000000e+00	1.498600e-06	-8.478853e-19	-8.478853e-19
1.598500000000001e-06	3.937392e+00	5.000000e+00	1.598500e-06	-8.208193e-19	-8.208193e-19
1.698400000000001e-06	3.925245e+00	5.000000e+00	1.698400e-06	2.565690e-19	2.565690e-19
1.798300000000001e-06	3.913467e+00	5.000000e+00	1.798300e-06	-4.133521e-19	-4.133521e-19
1.898200000000001e-06	3.902026e+00	5.000000e+00	1.898200e-06	1.429792e-18	1.429792e-18
1.998100000000001e-06	3.890895e+00	5.000000e+00	1.998100e-06	-9.632630e-19	-9.632630e-19
2.098000000000001e-06	3.880049e+00	5.000000e+00	2.098000e-06	-1.585646e-18	-1.585646e-18
2.197900000000001e-06	3.869467e+00	5.000000e+00	2.197900e-06	-4.347785e-19	-4.347785e-19
2.297800000000001e-06	3.859130e+00	5.000000e+00	2.297800e-06	1.592422e-18	1.592422e-18
2.397700000000001e-06	3.849021e+00	5.000000e+00	2.397700e-06	3.794708e-19	3.794708e-19
2.497600000000001e-06	3.839126e+00	5.000000e+00	2.497600e-06	-1.558541e-18	-1.558541e-18
2.597500000000001e-06	3.829431e+00	5.000000e+00	2.597500e-06	2.032879e-19	2.032879e-19
2.697400000000001e-06	3.819924e+00	5.000000e+00	2.697400e-06	-8.131516e-20	-8.131516e-20
2.797300000000002e-06	3.810594e+00	5.000000e+00	2.797300e-06	-4.933978e-19	-4.933978e-19
2.897200000000002e-06	3.801431e+00	5.000000e+00	2.897200e-06	-1.279418e-18	-1.279418e-18
2.997100000000002e-06	3.792426e+00	5.000000e+00	2.997100e-06	4.553309e-19	4.553309e-19
3.097000000000002e-06	3.783571e+00	5.000000e+00	3.097000e-06	1.124860e-18	1.124860e-18
3.196900000000002e-06	3.774859e+00	5.000000e+00	3.196900e-06	1.165672e-19	1.165672e-19
3.296800000000002e-06	3.766282e+00	5.000000e+00	3.296800e-06	2.792216e-19	2.792216e-19
3.396700000000002e-06	3.757834e+00	5.000000e+00	3.396700e-06	1.390552e-18	1.390552e-18
3.496600000000002e-06	3.749509e+00	5.000000e+00	3.496600e-06	1.084202e-19	1.084202e-19
3.596500000000002e-06	3.741302e+00	5.000000e+00	3.596500e-06	3.712305e-19	3.712305e-19
3.696400000000002e-06	3.733207e+00	5.000000e+00	3.696400e-06	3.523657e-19	3.523657e-19
3.796300000000003e-06	3.725219e+00	5.000000e+00	3.796300e-06	1.121844e-18	1.121844e-18
3.896200000000003e-06	3.717336e+00	5.000000e+00	3.896200e-06	-9.893345e-19	-9.893345e-19
3.996100000000002e-06	3.709551e+00	5.000000e+00	3.996100e-06	1.382358e-18	1.382358e-18
4.096000000000002e-06	3.701862e+00	5.000000e+00	4.096000e-06	2.439455e-19	2.439455e-19
4.195900000000002e-06	3.694264e+00	5.000000e+00	4.195900e-06	-3.659182e-19	-3.659182e-19
4.295800000000001e-06	3.686755e+00	5.000000e+00	4.295800e-06	4.640096e-19	4.640096e-19
4.395700000000001e-06	3.679331e+00	5.000000e+00	4.395700e-06	7.215472e-19	7.215472e-19
4.495600000000001e-06	3.671989e+00	5.000000e+00	4.495600e-06	-6.369688e-19	-6.369688e-19
4.595500000000000e-06	3.664726e+00	5.000000e+00	4.595500e-06	1.186322e-19	1.186322e-19
4.695400000000000e-06	3.657540e+00	5.000000e+00	4.695400e-06	1.124860e-18	1.124860e-18
4.795300000000000e-06	3.650428e+00	5.000000e+00	4.795300e-06	-1.284074e-18	-1.284074e-18
4.895199999999999e-06	3.643387e+00	5.000000e+00	4.895200e-06	7.453890e-19	7.453890e-19
4.995099999999999e-06	3.636416e+00	5.000000e+00	4.995100e-06	-9.215718e-19	-9.215718e-19
5.094999999999999e-06	3.629512e+00	5.000000e+00	5.095000e-06	-5.014435e-19	-5.014435e-19
5.194899999999998e-06	3.622673e+00	5.000000e+00	5.194900e-06	-1.314595e-18	-1.314595e-18
5.294799999999998e-06	3.615897e+00	5.000000e+00	5.294800e-06	2.132459e-19	2.132459e-19
5.394699999999998e-06	3.609183e+00	5.000000e+00	5.394700e-06	9.622294e-19	9.622294e-19
5.494599999999997e-06	3.602528e+00	5.000000e+00	5.494600e-06	9.486769e-20	9.486769e-20
5.594499999999997e-06	3.595931e+00	5.000000e+00	5.594500e-06	-8.846107e-19	-8.846107e-19
5.694399999999997e-06	3.589390e+00	5.000000e+00	5.694400e-06	2.710505e-20	2.710505e-20
5.794299999999996e-06	3.582904e+00	5.000000e+00	5.794300e-06	6.911789e-19	6.911789e-19
5.894199999999996e-06	3.576471e+00	5.000000e+00	5.894200e-06	1.151965e-18	1.151965e-18
5.994099999999996e-06	3.570090e+00	5.000000e+00	5.994100e-06	-7.047314e-19	-7.047314e-19
6.093999999999995e-06	3.563760e+00	5.000000e+00	6.094000e-06	-1.297184e-18	-1.297184e-18
6.193899999999995e-06	3.557479e+00	5.000000e+00	6.193900e-06	1.599198e-18	1.599198e-18
6.293799999999995e-06	3.551246e+00	5.000000e+00	6.293800e-06	-1.202254e-18	-1.202254e-18
6.393699999999994e-06	3.545060e+00	5.000000e+00	6.393700e-06	-1.897354e-19	-1.897354e-19
6.493599999999994e-06	3.538919e+00	5.000000e+00	6.493600e-06	-1.314595e-18	-1.314595e-18
6.593499999999994e-06	3.532823e+00	5.000000e+00	6.593500e-06	-2.670388e-19	-2.670388e-19
6.693399999999993e-06	3.526771e+00	5.000000e+00	6.693400e-06	-4.041416e-21	-4.041416e-21
6.793299999999993e-06	3.520761e+00	5.000000e+00	6.793300e-06	-6.369183e-20	-6.369183e-20
6.893199999999993e-06	3.514793e+00	5.000000e+00	6.893200e-06	4.743385e-19	4.743385e-19
6.993099999999992e-06	3.508865e+00	5.000000e+00	6.993100e-06	-3.022843e-19	-3.022843e-19
7.092999999999992e-06	3.502977e+00	5.000000e+00	7.093000e-06	9.486769e-20	9.486769e-20
7.192899999999992e-06	3.497128e+00	5.000000e+00	7.192900e-06	-3.346277e-19	-3.346277e-19
7.292799999999991e-06	3.491317e+00	5.000000e+00	7.292800e-06	-1.223941e-18	-1.223941e-18
7.392699999999991e-06	3.485543e+00	5.000000e+00	7.392700e-06	-1.939766e-19	-1.939766e-19
7.492599999999991e-06	3.479806e+00	5.000000e+00	7.492600e-06	7.453890e-19	7.453890e-19
7.592499999999990e-06	3.474104e+00	5.000000e+00	7.592500e-06	-4.743385e-19	-4.743385e-19
7.692399999999991e-06	3.468437e+00	5.000000e+00	7.692400e-06	1.423015e-18	1.423015e-18
7.792299999999991e-06	3.462805e+00	5.000000e+00	7.792300e-06	-2.303930e-19	-2.303930e-19
7.892199999999992e-06	3.457206e+00	5.000000e+00	7.892200e-06	-4.293047e-19	-4.293047e-19
7.992099999999992e-06	3.451640e+00	5.000000e+00	7.992100e-06	1.043545e-18	1.043545e-18
8.091999999999993e-06	3.446106e+00	5.000000e+00	8.092000e-06	4.110044e-19	4.110044e-19
8.191899999999994e-06	3.440604e+00	5.000000e+00	8.191900e-06	7.498434e-19	7.498434e-19
8.291799999999994e-06	3.435133e+00	5.000000e+00	8.291800e-06	-2.890831e-19	-2.890831e-19
8.391699999999995e-06	3.429692e+00	5.000000e+00	8.391700e-06	-5.014435e-19	-5.014435e-19
8.491599999999995e-06	3.424282e+00	5.000000e+00	8.491600e-06	7.815160e-19	7.815160e-19
8.591499999999996e-06	3.418900e+00	5.000000e+00	8.591500e-06	1.761829e-19	1.761829e-19
8.691399999999996e-06	3.413548e+00	5.000000e+00	8.691400e-06	-1.608170e-18	-1.608170e-18
8.791299999999997e-06	3.408224e+00	5.000000e+00	8.791300e-06	-1.066045e-18	-1.066045e-18
8.891199999999997e-06	3.402928e+00	5.000000e+00	8.891200e-06	1.517883e-18	1.517883e-18
8.991099999999998e-06	3.397659e+00	5.000000e+00	8.991100e-06	-2.303930e-19	-2.303930e-19
9.090999999999998e-06	3.392417e+00	5.000000e+00	9.091000e-06	-8.762366e-19	-8.762366e-19
9.190899999999999e-06	3.387201e+00	5.000000e+00	9.190900e-06	-6.369688e-19	-6.369688e-19
9.290799999999999e-06	3.382011e+00	5.000000e+00	9.290800e-06	-3.794708e-19	-3.794708e-19
9.390700000000000e-06	3.376847e+00	5.000000e+00	9.390700e-06	8.673617e-19	8.673617e-19
9.490600000000000e-06	3.371708e+00	5.000000e+00	9.490600e-06	-8.450288e-19	-8.450288e-19
9.590500000000001e-06	3.366594e+00	5.000000e+00	9.590500e-06	-1.120064e-18	-1.120064e-18
9.690400000000001e-06	3.361504e+00	5.000000e+00	9.690400e-06	1.278756e-18	1.278756e-18
9.790300000000002e-06	3.356438e+00	5.000000e+00	9.790300e-06	1.355253e-20	1.355253e-20
9.890200000000002e-06	3.351396e+00	5.000000e+00	9.890200e-06	6.960427e-19	6.960427e-19
9.990100000000003e-06	3.346376e+00	5.000000e+00	9.990100e-06	6.049775e-19	6.049775e-19
1.009000000000000e-05	3.341380e+00	5.000000e+00	1.009000e-05	1.897354e-19	1.897354e-19
1.018990000000000e-05	3.336406e+00	5.000000e+00	1.018990e-05	-8.621683e-21	-8.621683e-21
1.028980000000000e-05	3.331454e+00	5.000000e+00	1.028980e-05	9.486769e-19	9.486769e-19
1.038970000000000e-05	3.326524e+00	5.000000e+00	1.038970e-05	2.710505e-19	2.710505e-19
1.048960000000001e-05	3.321615e+00	5.000000e+00	1.048960e-05	-5.149960e-19	-5.149960e-19
1.058950000000001e-05	3.316728e+00	5.000000e+00	1.058950e-05	1.129878e-18	1.129878e-18
1.068940000000001e-05	3.311861e+00	5.000000e+00	1.068940e-05	-1.084202e-18	-1.084202e-18
1.078930000000001e-05	3.307015e+00	5.000000e+00	1.078930e-05	7.403280e-19	7.403280e-19
1.088920000000001e-05	3.302189e+00	5.000000e+00	1.088920e-05	1.002887e-18	1.002887e-18
1.098910000000001e-05	3.297384e+00	5.000000e+00	1.098910e-05	1.270760e-19	1.270760e-19
1.108900000000001e-05	3.292597e+00	5.000000e+00	1.108900e-05	-1.246832e-18	-1.246832e-18
1.118890000000001e-05	3.287831e+00	5.000000e+00	1.118890e-05	3.523657e-19	3.523657e-19
1.128880000000001e-05	3.283083e+00	5.000000e+00	1.128880e-05	-6.234162e-19	-6.234162e-19
1.138870000000001e-05	3.278354e+00	5.000000e+00	1.138870e-05	-4.336809e-19	-4.336809e-19
1.148860000000001e-05	3.273644e+00	5.000000e+00	1.148860e-05	-7.943925e-19	-7.943925e-19
1.158850000000001e-05	3.268952e+00	5.000000e+00	1.158850e-05	-9.049206e-19	-9.049206e-19
1.168840000000001e-05	3.264279e+00	5.000000e+00	1.168840e-05	1.073708e-18	1.073708e-18
1.178830000000001e-05	3.259623e+00	5.000000e+00	1.178830e-05	-4.607859e-19	-4.607859e-19
1.188820000000001e-05	3.254985e+00	5.000000e+00	1.188820e-05	-2.981556e-19	-2.981556e-19
1.198810000000001e-05	3.250364e+00	5.000000e+00	1.198810e-05	2.168404e-19	2.168404e-19
1.208800000000001e-05	3.245761e+00	5.000000e+00	1.208800e-05	1.626303e-19	1.626303e-19
1.218790000000001e-05	3.241174e+00	5.000000e+00	1.218790e-05	-3.794708e-19	-3.794708e-19
1.228780000000001e-05	3.236605e+00	5.000000e+00	1.228780e-05	1.790041e-19	1.790041e-19
1.238770000000002e-05	3.232052e+00	5.000000e+00	1.238770e-05	-1.517883e-18	-1.517883e-18
1.248760000000002e-05	3.227515e+00	5.000000e+00	1.248760e-05	5.149960e-19	5.149960e-19
1.258750000000002e-05	3.222994e+00	5.000000e+00	1.258750e-05	-1.246832e-18	-1.246832e-18
1.268740000000002e-05	3.218489e+00	5.000000e+00	1.268740e-05	-1.534103e-18	-1.534103e-18
1.278730000000002e-05	3.214000e+00	5.000000e+00	1.278730e-05	-1.897354e-19	-1.897354e-19
1.288720000000002e-05	3.209527e+00	5.000000e+00	1.288720e-05	5.311406e-19	5.311406e-19
1.298710000000002e-05	3.205069e+00	5.000000e+00	1.298710e-05	-2.710505e-20	-2.710505e-20
1.308700000000002e-05	3.200626e+00	5.000000e+00	1.308700e-05	1.556023e-18	1.556023e-18
1.318690000000002e-05	3.196198e+00	5.000000e+00	1.318690e-05	-8.944668e-19	-8.944668e-19
1.328680000000002e-05	3.191785e+00	5.000000e+00	1.328680e-05	-7.047314e-19	-7.047314e-19
1.338670000000002e-05	3.187387e+00	5.000000e+00	1.338670e-05	6.776264e-19	6.776264e-19
1.348660000000002e-05	3.183003e+00	5.000000e+00	1.348660e-05	-8.131516e-19	-8.131516e-19
1.358650000000002e-05	3.178634e+00	5.000000e+00	1.358650e-05	4.766725e-19	4.766725e-19
1.368640000000002e-05	3.174278e+00	5.000000e+00	1.368640e-05	1.897354e-19	1.897354e-19
1.378630000000002e-05	3.169937e+00	5.000000e+00	1.378630e-05	-3.794708e-19	-3.794708e-19
1.388620000000002e-05	3.165610e+00	5.000000e+00	1.388620e-05	1.029992e-18	1.029992e-18
1.398610000000002e-05	3.161296e+00	5.000000e+00	1.398610e-05	-9.757820e-19	-9.757820e-19
1.408600000000002e-05	3.156996e+00	5.000000e+00	1.408600e-05	7.860466e-19	7.860466e-19
1.418590000000002e-05	3.152709e+00	5.000000e+00	1.418590e-05	1.490778e-18	1.490778e-18
1.428580000000003e-05	3.148435e+00	5.000000e+00	1.428580e-05	9.059341e-19	9.059341e-19
1.438570000000003e-05	3.144175e+00	5.000000e+00	1.438570e-05	5.421011e-19	5.421011e-19
1.448560000000003e-05	3.139927e+00	5.000000e+00	1.448560e-05	-3.523657e-19	-3.523657e-19
1.458550000000003e-05	3.135693e+00	5.000000e+00	1.458550e-05	-4.723572e-19	-4.723572e-19
1.468540000000003e-05	3.131471e+00	5.000000e+00	1.468540e-05	1.289437e-18	1.289437e-18
1.478530000000003e-05	3.127261e+00	5.000000e+00	1.478530e-05	-1.192622e-18	-1.192622e-18
1.488520000000003e-05	3.123065e+00	5.000000e+00	1.488520e-05	-1.165517e-18	-1.165517e-18
1.498510000000003e-05	3.118880e+00	5.000000e+00	1.498510e-05	0.000000e+00	0.000000e+00
1.508500000000003e-05	3.114707e+00	5.000000e+00	1.508500e-05	-3.135193e-19	-3.135193e-19
1.518490000000003e-05	3.110547e+00	5.000000e+00	1.518490e-05	-2.828254e-19	-2.828254e-19
1.528480000000003e-05	3.106398e+00	5.000000e+00	1.528480e-05	4.878910e-19	4.878910e-19
1.538470000000003e-05	3.102262e+00	5.000000e+00	1.538470e-05	5.421011e-19	5.421011e-19
1.548460000000003e-05	3.098136e+00	5.000000e+00	1.548460e-05	5.421011e-20	5.421011e-20
1.558450000000003e-05	3.094023e+00	5.000000e+00	1.558450e-05	7.860466e-19	7.860466e-19
1.568440000000003e-05	3.089921e+00	5.000000e+00	1.568440e-05	2.591104e-19	2.591104e-19
1.578430000000002e-05	3.085830e+00	5.000000e+00	1.578430e-05	-1.029992e-18	-1.029992e-18
1.588420000000002e-05	3.081751e+00	5.000000e+00	1.588420e-05	4.607859e-19	4.607859e-19
1.598410000000002e-05	3.077682e+00	5.000000e+00	1.598410e-05	-3.252607e-19	-3.252607e-19
1.608400000000002e-05	3.073625e+00	5.000000e+00	1.608400e-05	1.150482e-18	1.150482e-18
1.618390000000002e-05	3.069579e+00	5.000000e+00	1.618390e-05	1.029992e-18	1.029992e-18
1.628380000000002e-05	3.065543e+00	5.000000e+00	1.628380e-05	-1.286071e-18	-1.286071e-18
1.638370000000002e-05	3.061518e+00	5.000000e+00	1.638370e-05	-1.138412e-18	-1.138412e-18
1.648360000000002e-05	3.057504e+00	5.000000e+00	1.648360e-05	1.355253e-19	1.355253e-19
1.658350000000001e-05	3.053500e+00	5.000000e+00	1.658350e-05	5.692061e-19	5.692061e-19
1.668340000000001e-05	3.049507e+00	5.000000e+00	1.668340e-05	-2.168404e-19	-2.168404e-19
1.678330000000001e-05	3.045524e+00	5.000000e+00	1.678330e-05	0.000000e+00	0.000000e+00
1.688320000000001e-05	3.041551e+00	5.000000e+00	1.688320e-05	5.002130e-19	5.002130e-19
1.698310000000001e-05	3.037588e+00	5.000000e+00	1.698310e-05	1.207374e-18	1.207374e-18
1.708300000000001e-05	3.033635e+00	5.000000e+00	1.708300e-05	2.710505e-19	2.710505e-19
1.718290000000001e-05	3.029693e+00	5.000000e+00	1.718290e-05	-1.517883e-18	-1.517883e-18
1.728280000000001e-05	3.025760e+00	5.000000e+00	1.728280e-05	1.057097e-18	1.057097e-18
1.738270000000001e-05	3.021837e+00	5.000000e+00	1.738270e-05	-7.443120e-19	-7.443120e-19
1.748260000000000e-05	3.017923e+00	5.000000e+00	1.748260e-05	1.328148e-18	1.328148e-18
1.758250000000000e-05	3.014019e+00	5.000000e+00	1.758250e-05	-3.252607e-19	-3.252607e-19
1.768240000000000e-05	3.010125e+00	5.000000e+00	1.768240e-05	-2.981556e-19	-2.981556e-19
1.778230000000000e-05	3.006240e+00	5.000000e+00	1.778230e-05	9.486769e-19	9.486769e-19
1.788220000000000e-05	3.002364e+00	5.000000e+00	1.788220e-05	-3.920965e-19	-3.920965e-19
1.798210000000000e-05	2.998497e+00	5.000000e+00	1.798210e-05	-1.897354e-19	-1.897354e-19
1.808200000000000e-05	2.994640e+00	5.000000e+00	1.808200e-05	1.355253e-18	1.355253e-18
1.818190000000000e-05	2.990792e+00	5.000000e+00	1.818190e-05	-1.423853e-18	-1.423853e-18
1.828179999999999e-05	2.986953e+00	5.000000e+00	1.828180e-05	4.751472e-19	4.751472e-19
1.838169999999999e-05	2.983123e+00	5.000000e+00	1.838170e-05	3.252607e-19	3.252607e-19
1.848159999999999e-05	2.979301e+00	5.000000e+00	1.848160e-05	6.633235e-19	6.633235e-19
1.858149999999999e-05	2.975489e+00	5.000000e+00	1.858150e-05	-4.336809e-19	-4.336809e-19
1.868139999999999e-05	2.971685e+00	5.000000e+00	1.868140e-05	-9.556016e-20	-9.556016e-20
1.878129999999999e-05	2.967890e+00	5.000000e+00	1.878130e-05	-5.692061e-19	-5.692061e-19
1.888119999999999e-05	2.964103e+00	5.000000e+00	1.888120e-05	1.226078e-19	1.226078e-19
1.898109999999999e-05	2.960325e+00	5.000000e+00	1.898110e-05	-4.607859e-19	-4.607859e-19
1.908099999999999e-05	2.956556e+00	5.000000e+00	1.908100e-05	-4.737604e-19	-4.737604e-19
1.918089999999998e-05	2.952795e+00	5.000000e+00	1.918090e-05	4.206780e-19	4.206780e-19
1.928079999999998e-05	2.949042e+00	5.000000e+00	1.928080e-05	8.131516e-20	8.131516e-20
1.938069999999998e-05	2.945297e+00	5.000000e+00	1.938070e-05	0.000000e+00	0.000000e+00
1.948059999999998e-05	2.941561e+00	5.000000e+00	1.948060e-05	-8.262389e-19	-8.262389e-19
1.958049999999998e-05	2.937832e+00	5.000000e+00	1.958050e-05	-4.878910e-19	-4.878910e-19
1.968039999999998e-05	2.934112e+00	5.000000e+00	1.968040e-05	2.036975e-19	2.036975e-19
1.978029999999998e-05	2.930399e+00	5.000000e+00	1.978030e-05	-1.558159e-18	-1.558159e-18
1.988019999999998e-05	2.926695e+00	5.000000e+00	1.988020e-05	-6.095095e-19	-6.095095e-19
1.998009999999997e-05	2.922998e+00	5.000000e+00	1.998010e-05	-4.607859e-19	-4.607859e-19
2.007999999999997e-05	2.919309e+00	5.000000e+00	2.008000e-05	-1.138412e-18	-1.138412e-18
2.017989999999997e-05	2.915628e+00	5.000000e+00	2.017990e-05	1.395638e-18	1.395638e-18
2.027979999999997e-05	2.911955e+00	5.000000e+00	2.027980e-05	-1.192622e-18	-1.192622e-18
2.037969999999997e-05	2.908289e+00	5.000000e+00	2.037970e-05	7.860466e-19	7.860466e-19
2.047959999999997e-05	2.904631e+00	5.000000e+00	2.047960e-05	3.252607e-19	3.252607e-19
2.057949999999997e-05	2.900980e+00	5.000000e+00	2.057950e-05	-2.573344e-19	-2.573344e-19
2.067939999999997e-05	2.897336e+00	5.000000e+00	2.067940e-05	-5.828955e-19	-5.828955e-19
2.077929999999997e-05	2.893701e+00	5.000000e+00	2.077930e-05	6.765256e-20	6.765256e-20
2.087919999999996e-05	2.890072e+00	5.000000e+00	2.087920e-05	-3.252607e-19	-3.252607e-19
2.097909999999996e-05	2.886451e+00	5.000000e+00	2.097910e-05	6.234162e-19	6.234162e-19
2.107899999999996e-05	2.882837e+00	5.000000e+00	2.107900e-05	-6.234162e-19	-6.234162e-19
2.117889999999996e-05	2.879230e+00	5.000000e+00	2.117890e-05	4.336809e-19	4.336809e-19
2.127879999999996e-05	2.875630e+00	5.000000e+00	2.127880e-05	-1.355253e-18	-1.355253e-18
2.137869999999996e-05	2.872037e+00	5.000000e+00	2.137870e-05	4.200799e-19	4.200799e-19
2.147859999999996e-05	2.868452e+00	5.000000e+00	2.147860e-05	8.402567e-19	8.402567e-19
2.157849999999996e-05	2.864873e+00	5.000000e+00	2.157850e-05	-6.505213e-19	-6.505213e-19
2.167839999999995e-05	2.861301e+00	5.000000e+00	2.167840e-05	-1.436568e-18	-1.436568e-18
2.177829999999995e-05	2.857736e+00	5.000000e+00	2.177830e-05	-1.370486e-20	-1.370486e-20
2.187819999999995e-05	2.854178e+00	5.000000e+00	2.187820e-05	4.607859e-19	4.607859e-19
2.197809999999995e-05	2.850626e+00	5.000000e+00	2.197810e-05	6.776264e-19	6.776264e-19
2.207799999999995e-05	2.847082e+00	5.000000e+00	2.207800e-05	4.607859e-19	4.607859e-19
2.217789999999995e-05	2.843544e+00	5.000000e+00	2.217790e-05	0.000000e+00	0.000000e+00
2.227779999999995e-05	2.840013e+00	5.000000e+00	2.227780e-05	4.878910e-19	4.878910e-19
2.237769999999995e-05	2.836488e+00	5.000000e+00	2.237770e-05	-8.944668e-19	-8.944668e-19
2.247759999999995e-05	2.832970e+00	5.000000e+00	2.247760e-05	-8.673617e-19	-8.673617e-19
2.257749999999994e-05	2.829458e+00	5.000000e+00	2.257750e-05	-2.036439e-19	-2.036439e-19
2.267739999999994e-05	2.825953e+00	5.000000e+00	2.267740e-05	1.531817e-18	1.531817e-18
2.277729999999994e-05	2.822454e+00	5.000000e+00	2.277730e-05	-1.043951e-18	-1.043951e-18
2.287719999999994e-05	2.818961e+00	5.000000e+00	2.287720e-05	1.029992e-18	1.029992e-18
2.297709999999994e-05	2.815475e+00	5.000000e+00	2.297710e-05	-4.336809e-19	-4.336809e-19
2.307699999999994e-05	2.811995e+00	5.000000e+00	2.307700e-05	-8.131516e-19	-8.131516e-19
2.317689999999994e-05	2.808522e+00	5.000000e+00	2.317690e-05	4.336809e-19	4.336809e-19
2.327679999999994e-05	2.805054e+00	5.000000e+00	2.327680e-05	-2.851330e-19	-2.851330e-19
2.337669999999993e-05	2.801593e+00	5.000000e+00	2.337670e-05	-7.589415e-19	-7.589415e-19
2.347659999999993e-05	2.798137e+00	5.000000e+00	2.347660e-05	7.860466e-19	7.860466e-19
2.357649999999993e-05	2.794688e+00	5.000000e+00	2.357650e-05	-1.767862e-19	-1.767862e-19
2.367639999999993e-05	2.791245e+00	5.000000e+00	2.367640e-05	-4.607859e-19	-4.607859e-19
2.377629999999993e-05	2.787808e+00	5.000000e+00	2.377630e-05	1.232628e-18	1.232628e-18
2.387619999999993e-05	2.784377e+00	5.000000e+00	2.387620e-05	7.447129e-19	7.447129e-19
2.397609999999993e-05	2.780951e+00	5.000000e+00	2.397610e-05	-1.301043e-18	-1.301043e-18
2.407599999999993e-05	2.777532e+00	5.000000e+00	2.407600e-05	8.259800e-19	8.259800e-19
2.417589999999993e-05	2.774118e+00	5.000000e+00	2.417590e-05	1.178322e-18	1.178322e-18
2.427579999999992e-05	2.770710e+00	5.000000e+00	2.427580e-05	-1.057097e-18	-1.057097e-18
2.437569999999992e-05	2.767308e+00	5.000000e+00	2.437570e-05	-1.315391e-18	-1.315391e-18
2.447559999999992e-05	2.763912e+00	5.000000e+00	2.447560e-05	4.480529e-19	4.480529e-19
2.457549999999992e-05	2.760522e+00	5.000000e+00	2.457550e-05	-1.449277e-18	-1.449277e-18
2.467539999999992e-05	2.757137e+00	5.000000e+00	2.467540e-05	-1.288357e-18	-1.288357e-18
2.477529999999992e-05	2.753757e+00	5.000000e+00	2.477530e-05	4.607859e-19	4.607859e-19
2.487519999999992e-05	2.750383e+00	5.000000e+00	2.487520e-05	-8.673617e-19	-8.673617e-19
2.497509999999992e-05	2.747015e+00	5.000000e+00	2.497510e-05	-2.981556e-19	-2.981556e-19
2.507499999999991e-05	2.743653e+00	5.000000e+00	2.507500e-05	-4.462731e-19	-4.462731e-19
2.517489999999991e-05	2.740295e+00	5.000000e+00	2.517490e-05	7.734776e-19	7.734776e-19
2.527479999999991e-05	2.736943e+00	5.000000e+00	2.527480e-05	2.856098e-19	2.856098e-19
2.537469999999991e-05	2.733597e+00	5.000000e+00	2.537470e-05	-3.377833e-19	-3.377833e-19
2.547459999999991e-05	2.730256e+00	5.000000e+00	2.547460e-05	1.369858e-18	1.369858e-18
2.557449999999991e-05	2.726921e+00	5.000000e+00	2.557450e-05	-4.607859e-19	-4.607859e-19
2.567439999999991e-05	2.723590e+00	5.000000e+00	2.567440e-05	-1.230715e-19	-1.230715e-19
2.577429999999991e-05	2.720265e+00	5.000000e+00	2.577430e-05	0.000000e+00	0.000000e+00
2.587419999999991e-05	2.716945e+00	5.000000e+00	2.587420e-05	-1.071794e-18	-1.071794e-18
2.597409999999990e-05	2.713631e+00	5.000000e+00	2.597410e-05	-4.484004e-19	-4.484004e-19
2.607399999999990e-05	2.710321e+00	5.000000e+00	2.607400e-05	7.441993e-19	7.441993e-19
2.617389999999990e-05	2.707017e+00	5.000000e+00	2.617390e-05	8.131516e-20	8.131516e-20
2.627379999999990e-05	2.703718e+00	5.000000e+00	2.627380e-05	4.065758e-19	4.065758e-19
2.637369999999990e-05	2.700424e+00	5.000000e+00	2.637370e-05	5.149960e-19	5.149960e-19
2.647359999999990e-05	2.697135e+00	5.000000e+00	2.647360e-05	3.252607e-19	3.252607e-19
2.657349999999990e-05	2.693851e+00	5.000000e+00	2.657350e-05	2.587999e-19	2.587999e-19
2.667339999999990e-05	2.690572e+00	5.000000e+00	2.667340e-05	4.607859e-19	4.607859e-19
2.677329999999989e-05	2.687298e+00	5.000000e+00	2.677330e-05	-1.626303e-19	-1.626303e-19
2.687319999999989e-05	2.684029e+00	5.000000e+00	2.687320e-05	1.301043e-18	1.301043e-18
2.697309999999989e-05	2.680765e+00	5.000000e+00	2.697310e-05	1.394520e-18	1.394520e-18
2.707299999999989e-05	2.677506e+00	5.000000e+00	2.707300e-05	-7.589415e-19	-7.589415e-19
2.717289999999989e-05	2.674251e+00	5.000000e+00	2.717290e-05	1.002887e-18	1.002887e-18
2.727279999999989e-05	2.671002e+00	5.000000e+00	2.727280e-05	-1.476213e-19	-1.476213e-19
2.737269999999989e-05	2.667757e+00	5.000000e+00	2.737270e-05	4.336809e-19	4.336809e-19
2.747259999999989e-05	2.664517e+00	5.000000e+00	2.747260e-05	1.002887e-18	1.002887e-18
2.757249999999989e-05	2.661282e+00	5.000000e+00	2.757250e-05	-4.607859e-19	-4.607859e-19
2.767239999999988e-05	2.658051e+00	5.000000e+00	2.767240e-05	-1.150421e-18	-1.150421e-18
2.777229999999988e-05	2.654826e+00	5.000000e+00	2.777230e-05	-5.421011e-20	-5.421011e-20
2.787219999999988e-05	2.651605e+00	5.000000e+00	2.787220e-05	-1.475639e-18	-1.475639e-18
2.797209999999988e-05	2.648388e+00	5.000000e+00	2.797210e-05	-8.673617e-19	-8.673617e-19
2.807199999999988e-05	2.645177e+00	5.000000e+00	2.807200e-05	3.946528e-19	3.946528e-19
2.817189999999988e-05	2.641969e+00	5.000000e+00	2.817190e-05	-9.096703e-19	-9.096703e-19
2.827179999999988e-05	2.638767e+00	5.000000e+00	2.827180e-05	-4.878910e-19	-4.878910e-19
2.837169999999988e-05	2.635569e+00	5.000000e+00	2.837170e-05	1.014746e-18	1.014746e-18
2.847159999999987e-05	2.632375e+00	5.000000e+00	2.847160e-05	-2.050026e-19	-2.050026e-19
2.857149999999987e-05	2.629186e+00	5.000000e+00	2.857150e-05	4.760743e-19	4.760743e-19
2.867139999999987e-05	2.626001e+00	5.000000e+00	2.867140e-05	2.710505e-20	2.710505e-20
2.877129999999987e-05	2.622821e+00	5.000000e+00	2.877130e-05	-5.303266e-19	-5.303266e-19
2.887119999999987e-05	2.619645e+00	5.000000e+00	2.887120e-05	1.072449e-18	1.072449e-18
2.897109999999987e-05	2.616474e+00	5.000000e+00	2.897110e-05	-3.135281e-19	-3.135281e-19
2.907099999999987e-05	2.613307e+00	5.000000e+00	2.907100e-05	-8.248633e-19	-8.248633e-19
2.917089999999987e-05	2.610145e+00	5.000000e+00	2.917090e-05	9.874728e-19	9.874728e-19
2.927079999999987e-05	2.606986e+00	5.000000e+00	2.927080e-05	1.138412e-18	1.138412e-18
2.937069999999986e-05	2.603832e+00	5.000000e+00	2.937070e-05	-1.029992e-18	-1.029992e-18
2.947059999999986e-05	2.600682e+00	5.000000e+00	2.947060e-05	5.033673e-19	5.033673e-19
2.957049999999986e-05	2.597537e+00	5.000000e+00	2.957050e-05	-9.873901e-19	-9.873901e-19
2.967039999999986e-05	2.594396e+00	5.000000e+00	2.967040e-05	-1.355253e-19	-1.355253e-19
2.977029999999986e-05	2.591259e+00	5.000000e+00	2.977030e-05	-9.486769e-19	-9.486769e-19
2.987019999999986e-05	2.588126e+00	5.000000e+00	2.987020e-05	1.556535e-18	1.556535e-18
2.997009999999986e-05	2.584997e+00	5.000000e+00	2.997010e-05	7.203103e-19	7.203103e-19
3.006999999999986e-05	2.581873e+00	5.000000e+00	3.007000e-05	-1.258338e-18	-1.258338e-18
3.016989999999985e-05	2.578753e+00	5.000000e+00	3.016990e-05	1.273938e-18	1.273938e-18
3.026979999999985e-05	2.575636e+00	5.000000e+00	3.026980e-05	5.149960e-19	5.149960e-19
3.036969999999985e-05	2.572524e+00	5.000000e+00	3.036970e-05	-6.348612e-19	-6.348612e-19
3.046959999999985e-05	2.569416e+00	5.000000e+00	3.046960e-05	6.348411e-19	6.348411e-19
3.056949999999985e-05	2.566312e+00	5.000000e+00	3.056950e-05	9.101671e-19	9.101671e-19
3.066939999999985e-05	2.563212e+00	5.000000e+00	3.066940e-05	-2.938198e-19	-2.938198e-19
3.076929999999985e-05	2.560116e+00	5.000000e+00	3.076930e-05	7.703062e-19	7.703062e-19
3.086919999999986e-05	2.557024e+00	5.000000e+00	3.086920e-05	9.871266e-19	9.871266e-19
3.096909999999986e-05	2.553936e+00	5.000000e+00	3.096910e-05	-1.246832e-18	-1.246832e-18
3.106899999999986e-05	2.550852e+00	5.000000e+00	3.106900e-05	2.710505e-19	2.710505e-19
3.116889999999986e-05	2.547772e+00	5.000000e+00	3.116890e-05	1.626303e-19	1.626303e-19
3.126879999999987e-05	2.544695e+00	5.000000e+00	3.126880e-05	1.474938e-18	1.474938e-18
3.136869999999987e-05	2.541623e+00	5.000000e+00	3.136870e-05	6.776264e-19	6.776264e-19
3.146859999999987e-05	2.538554e+00	5.000000e+00	3.146860e-05	5.308752e-19	5.308752e-19
3.156849999999987e-05	2.535490e+00	5.000000e+00	3.156850e-05	-3.093619e-19	-3.093619e-19
3.166839999999987e-05	2.532429e+00	5.000000e+00	3.166840e-05	-1.316961e-18	-1.316961e-18
3.176829999999988e-05	2.529372e+00	5.000000e+00	3.176830e-05	3.635328e-19	3.635328e-19
3.186819999999988e-05	2.526319e+00	5.000000e+00	3.186820e-05	5.803537e-19	5.803537e-19
3.196809999999988e-05	2.523269e+00	5.000000e+00	3.196810e-05	6.664982e-19	6.664982e-19
3.206799999999988e-05	2.520223e+00	5.000000e+00	3.206800e-05	8.131516e-19	8.131516e-19
3.216789999999989e-05	2.517181e+00	5.000000e+00	3.216790e-05	1.599198e-18	1.599198e-18
3.226779999999989e-05	2.514143e+00	5.000000e+00	3.226780e-05	-4.878910e-19	-4.878910e-19
3.236769999999989e-05	2.511108e+00	5.000000e+00	3.236770e-05	2.549963e-19	2.549963e-19
3.246759999999989e-05	2.508077e+00	5.000000e+00	3.246760e-05	1.002887e-18	1.002887e-18
3.256749999999989e-05	2.505050e+00	5.000000e+00	3.256750e-05	3.633781e-19	3.633781e-19
3.266739999999990e-05	2.502027e+00	5.000000e+00	3.266740e-05	-1.611175e-20	-1.611175e-20
3.276729999999990e-05	2.499007e+00	5.000000e+00	3.276730e-05	-9.744600e-20	-9.744600e-20
3.286719999999990e-05	2.495990e+00	5.000000e+00	3.286720e-05	-1.208772e-18	-1.208772e-18
3.296709999999990e-05	2.492977e+00	5.000000e+00	3.296710e-05	4.175120e-19	4.175120e-19
3.306699999999991e-05	2.489968e+00	5.000000e+00	3.306700e-05	4.336809e-19	4.336809e-19
3.316689999999991e-05	2.486963e+00	5.000000e+00	3.316690e-05	-1.138412e-18	-1.138412e-18
3.326679999999991e-05	2.483960e+00	5.000000e+00	3.326680e-05	1.013766e-18	1.013766e-18
3.336669999999991e-05	2.480962e+00	5.000000e+00	3.336670e-05	-4.445414e-19	-4.445414e-19
3.346659999999991e-05	2.477967e+00	5.000000e+00	3.346660e-05	2.547873e-19	2.547873e-19
3.356649999999992e-05	2.474975e+00	5.000000e+00	3.356650e-05	-1.084202e-18	-1.084202e-18
3.366639999999992e-05	2.471987e+00	5.000000e+00	3.366640e-05	-2.602462e-19	-2.602462e-19
3.376629999999992e-05	2.469002e+00	5.000000e+00	3.376630e-05	1.208942e-18	1.208942e-18
3.386619999999992e-05	2.466021e+00	5.000000e+00	3.386620e-05	-5.692061e-19	-5.692061e-19
3.396609999999993e-05	2.463043e+00	5.000000e+00	3.396610e-05	-1.635657e-20	-1.635657e-20
3.406599999999993e-05	2.460069e+00	5.000000e+00	3.406600e-05	-1.230457e-18	-1.230457e-18
3.416589999999993e-05	2.457098e+00	5.000000e+00	3.416590e-05	-5.963112e-19	-5.963112e-19
3.426579999999993e-05	2.454130e+00	5.000000e+00	3.426580e-05	1.141393e-19	1.141393e-19
3.436569999999993e-05	2.451166e+00	5.000000e+00	3.436570e-05	-1.643048e-20	-1.643048e-20
3.446559999999994e-05	2.448205e+00	5.000000e+00	3.446560e-05	-5.798623e-19	-5.798623e-19
3.456549999999994e-05	2.445248e+00	5.000000e+00	3.456550e-05	-1.371720e-18	-1.371720e-18
3.466539999999994e-05	2.442294e+00	5.000000e+00	3.466540e-05	4.171954e-19	4.171954e-19
3.476529999999994e-05	2.439343e+00	5.000000e+00	3.476530e-05	-1.732316e-19	-1.732316e-19
3.486519999999995e-05	2.436395e+00	5.000000e+00	3.486520e-05	-5.255791e-19	-5.255791e-19
3.496509999999995e-05	2.433451e+00	5.000000e+00	3.496510e-05	4.336809e-19	4.336809e-19
3.506499999999995e-05	2.430510e+00	5.000000e+00	3.506500e-05	-2.439455e-19	-2.439455e-19
3.516489999999995e-05	2.427572e+00	5.000000e+00	3.516490e-05	1.626303e-19	1.626303e-19
3.526479999999995e-05	2.424637e+00	5.000000e+00	3.526480e-05	3.523657e-19	3.523657e-19
3.536469999999996e-05	2.421706e+00	5.000000e+00	3.536470e-05	-7.484489e-19	-7.484489e-19
3.546459999999996e-05	2.418778e+00	5.000000e+00	3.546460e-05	-1.090358e-18	-1.090358e-18
3.556449999999996e-05	2.415853e+00	5.000000e+00	3.556450e-05	-1.474130e-18	-1.474130e-18
3.566439999999996e-05	2.412931e+00	5.000000e+00	3.566440e-05	-6.464888e-20	-6.464888e-20
3.576429999999997e-05	2.410012e+00	5.000000e+00	3.576430e-05	2.543664e-19	2.543664e-19
3.586419999999997e-05	2.407097e+00	5.000000e+00	3.586420e-05	4.982941e-19	4.982941e-19
3.596409999999997e-05	2.404185e+00	5.000000e+00	3.596410e-05	-1.246832e-18	-1.246832e-18
3.606399999999997e-05	2.401275e+00	5.000000e+00	3.606400e-05	4.607859e-19	4.607859e-19
3.616389999999997e-05	2.398369e+00	5.000000e+00	3.616390e-05	1.029992e-18	1.029992e-18
3.626379999999998e-05	2.395466e+00	5.000000e+00	3.626380e-05	-1.355253e-19	-1.355253e-19
3.636369999999998e-05	2.392566e+00	5.000000e+00	3.636370e-05	3.794708e-19	3.794708e-19
3.646359999999998e-05	2.389669e+00	5.000000e+00	3.646360e-05	-2.103291e-19	-2.103291e-19
3.656349999999998e-05	2.386775e+00	5.000000e+00	3.656350e-05	-1.897354e-19	-1.897354e-19
3.666339999999999e-05	2.383885e+00	5.000000e+00	3.666340e-05	-8.131516e-20	-8.131516e-20
3.676329999999999e-05	2.380997e+00	5.000000e+00	3.676330e-05	-1.084202e-19	-1.084202e-19
3.686319999999999e-05	2.378112e+00	5.000000e+00	3.686320e-05	-5.692061e-19	-5.692061e-19
3.696309999999999e-05	2.375231e+00	5.000000e+00	3.696310e-05	-2.101541e-19	-2.101541e-19
3.706299999999999e-05	2.372352e+00	5.000000e+00	3.706300e-05	-1.328148e-18	-1.328148e-18
3.716290000000000e-05	2.369476e+00	5.000000e+00	3.716290e-05	-4.607859e-19	-4.607859e-19
3.726280000000000e-05	2.366603e+00	5.000000e+00	3.726280e-05	2.168404e-19	2.168404e-19
3.736270000000000e-05	2.363733e+00	5.000000e+00	3.736270e-05	-1.572093e-18	-1.572093e-18
3.746260000000000e-05	2.360866e+00	5.000000e+00	3.746260e-05	-9.215718e-19	-9.215718e-19
3.756250000000001e-05	2.358002e+00	5.000000e+00	3.756250e-05	1.626303e-19	1.626303e-19
3.766240000000001e-05	2.355141e+00	5.000000e+00	3.766240e-05	-2.439455e-19	-2.439455e-19
3.776230000000001e-05	2.352283e+00	5.000000e+00	3.776230e-05	1.328148e-18	1.328148e-18
3.786220000000001e-05	2.349428e+00	5.000000e+00	3.786220e-05	3.995790e-19	3.995790e-19
3.796210000000001e-05	2.346575e+00	5.000000e+00	3.796210e-05	-6.304472e-19	-6.304472e-19
3.806200000000002e-05	2.343726e+00	5.000000e+00	3.806200e-05	5.421011e-20	5.421011e-20
3.816190000000002e-05	2.340879e+00	5.000000e+00	3.816190e-05	-1.219727e-18	-1.219727e-18
3.826180000000002e-05	2.338035e+00	5.000000e+00	3.826180e-05	-1.172650e-18	-1.172650e-18
3.836170000000002e-05	2.335194e+00	5.000000e+00	3.836170e-05	-9.486769e-19	-9.486769e-19
3.846160000000002e-05	2.332356e+00	5.000000e+00	3.846160e-05	-1.266737e-18	-1.266737e-18
3.856150000000003e-05	2.329521e+00	5.000000e+00	3.856150e-05	4.065758e-19	4.065758e-19
3.866140000000003e-05	2.326688e+00	5.000000e+00	3.866140e-05	-6.147820e-20	-6.147820e-20
3.876130000000003e-05	2.323858e+00	5.000000e+00	3.876130e-05	-1.199924e-18	-1.199924e-18
3.886120000000003e-05	2.321032e+00	5.000000e+00	3.886120e-05	-8.871316e-19	-8.871316e-19
3.896110000000004e-05	2.318207e+00	5.000000e+00	3.896110e-05	-4.607859e-19	-4.607859e-19
3.906100000000004e-05	2.315386e+00	5.000000e+00	3.906100e-05	-1.510481e-18	-1.510481e-18
3.916090000000004e-05	2.312567e+00	5.000000e+00	3.916090e-05	-1.551948e-19	-1.551948e-19
3.926080000000004e-05	2.309751e+00	5.000000e+00	3.926080e-05	-5.692061e-19	-5.692061e-19
3.936070000000004e-05	2.306938e+00	5.000000e+00	3.936070e-05	5.421011e-19	5.421011e-19
3.946060000000005e-05	2.304127e+00	5.000000e+00	3.946060e-05	3.252607e-19	3.252607e-19
3.956050000000005e-05	2.301319e+00	5.000000e+00	3.956050e-05	1.084202e-18	1.084202e-18
3.966040000000005e-05	2.298514e+00	5.000000e+00	3.966040e-05	1.355253e-19	1.355253e-19
3.976030000000005e-05	2.295712e+00	5.000000e+00	3.976030e-05	2.168404e-19	2.168404e-19
3.986020000000006e-05	2.292912e+00	5.000000e+00	3.986020e-05	3.477221e-20	3.477221e-20
3.996010000000006e-05	2.290114e+00	5.000000e+00	3.996010e-05	1.463673e-18	1.463673e-18
4.006000000000006e-05	2.287320e+00	5.000000e+00	4.006000e-05	-6.311490e-19	-6.311490e-19
4.015990000000006e-05	2.284528e+00	5.000000e+00	4.015990e-05	-1.897354e-19	-1.897354e-19
4.025980000000006e-05	2.281739e+00	5.000000e+00	4.025980e-05	-1.084202e-18	-1.084202e-18
4.035970000000007e-05	2.278952e+00	5.000000e+00	4.035970e-05	-1.084202e-18	-1.084202e-18
4.045960000000007e-05	2.276168e+00	5.000000e+00	4.045960e-05	-1.336011e-18	-1.336011e-18
4.055950000000007e-05	2.273386e+00	5.000000e+00	4.055950e-05	4.336809e-19	4.336809e-19
4.065940000000007e-05	2.270607e+00	5.000000e+00	4.065940e-05	-1.246832e-18	-1.246832e-18
4.075930000000008e-05	2.267831e+00	5.000000e+00	4.075930e-05	-8.673617e-19	-8.673617e-19
4.085920000000008e-05	2.265058e+00	5.000000e+00	4.085920e-05	5.963112e-19	5.963112e-19
4.095910000000008e-05	2.262286e+00	5.000000e+00	4.095910e-05	8.402567e-19	8.402567e-19
4.105900000000008e-05	2.259518e+00	5.000000e+00	4.105900e-05	1.130355e-18	1.130355e-18
4.115890000000008e-05	2.256752e+00	5.000000e+00	4.115890e-05	1.363342e-18	1.363342e-18
4.125880000000009e-05	2.253988e+00	5.000000e+00	4.125880e-05	4.255596e-19	4.255596e-19
4.135870000000009e-05	2.251227e+00	5.000000e+00	4.135870e-05	7.589415e-19	7.589415e-19
4.145860000000009e-05	2.248468e+00	5.000000e+00	4.145860e-05	-1.897354e-19	-1.897354e-19
4.155850000000009e-05	2.245712e+00	5.000000e+00	4.155850e-05	8.944668e-19	8.944668e-19
4.165840000000010e-05	2.242959e+00	5.000000e+00	4.165840e-05	1.002887e-18	1.002887e-18
4.175830000000010e-05	2.240207e+00	5.000000e+00	4.175830e-05	1.111307e-18	1.111307e-18
4.185820000000010e-05	2.237459e+00	5.000000e+00	4.185820e-05	-9.298842e-19	-9.298842e-19
4.195810000000010e-05	2.234713e+00	5.000000e+00	4.195810e-05	-1.355253e-18	-1.355253e-18
4.205800000000010e-05	2.231969e+00	5.000000e+00	4.205800e-05	6.505213e-19	6.505213e-19
4.215790000000011e-05	2.229228e+00	5.000000e+00	4.215790e-05	5.421011e-20	5.421011e-20
4.225780000000011e-05	2.226489e+00	5.000000e+00	4.225780e-05	1.472111e-18	1.472111e-18
4.235770000000011e-05	2.223752e+00	5.000000e+00	4.235770e-05	-9.215718e-19	-9.215718e-19
4.245760000000011e-05	2.221018e+00	5.000000e+00	4.245760e-05	-8.131516e-20	-8.131516e-20
4.255750000000012e-05	2.218287e+00	5.000000e+00	4.255750e-05	-3.794708e-19	-3.794708e-19
4.265740000000012e-05	2.215558e+00	5.000000e+00	4.265740e-05	-1.084202e-19	-1.084202e-19
4.275730000000012e-05	2.212831e+00	5.000000e+00	4.275730e-05	1.463673e-18	1.463673e-18
4.285720000000012e-05	2.210106e+00	5.000000e+00	4.285720e-05	2.710505e-20	2.710505e-20
4.295710000000012e-05	2.207384e+00	5.000000e+00	4.295710e-05	2.352884e-19	2.352884e-19
4.305700000000013e-05	2.204664e+00	5.000000e+00	4.305700e-05	-1.048409e-18	-1.048409e-18
4.315690000000013e-05	2.201947e+00	5.000000e+00	4.315690e-05	-1.165517e-18	-1.165517e-18
4.325680000000013e-05	2.199232e+00	5.000000e+00	4.325680e-05	5.149960e-19	5.149960e-19
4.335670000000013e-05	2.196519e+00	5.000000e+00	4.335670e-05	-4.542931e-20	-4.542931e-20
4.345660000000014e-05	2.193809e+00	5.000000e+00	4.345660e-05	-2.710505e-20	-2.710505e-20
4.355650000000014e-05	2.191101e+00	5.000000e+00	4.355650e-05	6.505213e-19	6.505213e-19
4.365640000000014e-05	2.188395e+00	5.000000e+00	4.365640e-05	8.873003e-21	8.873003e-21
4.375630000000014e-05	2.185692e+00	5.000000e+00	4.375630e-05	8.131516e-19	8.131516e-19
4.385620000000014e-05	2.182991e+00	5.000000e+00	4.385620e-05	8.673617e-19	8.673617e-19
4.395610000000015e-05	2.180292e+00	5.000000e+00	4.395610e-05	-5.331364e-19	-5.331364e-19
4.405600000000015e-05	2.177595e+00	5.000000e+00	4.405600e-05	2.710505e-19	2.710505e-19
4.415590000000015e-05	2.174901e+00	5.000000e+00	4.415590e-05	-4.878910e-19	-4.878910e-19
4.425580000000015e-05	2.172209e+00	5.000000e+00	4.425580e-05	-1.084202e-19	-1.084202e-19
4.435570000000016e-05	2.169519e+00	5.000000e+00	4.435570e-05	2.168404e-19	2.168404e-19
4.445560000000016e-05	2.166831e+00	5.000000e+00	4.445560e-05	1.364369e-18	1.364369e-18
4.455550000000016e-05	2.164146e+00	5.000000e+00	4.455550e-05	-9.215718e-19	-9.215718e-19
4.465540000000016e-05	2.161463e+00	5.000000e+00	4.465540e-05	2.710505e-20	2.710505e-20
4.475530000000016e-05	2.158782e+00	5.000000e+00	4.475530e-05	-2.710505e-20	-2.710505e-20
4.485520000000017e-05	2.156104e+00	5.000000e+00	4.485520e-05	1.355253e-19	1.355253e-19
4.495510000000017e-05	2.153427e+00	5.000000e+00	4.495510e-05	4.786240e-19	4.786240e-19
4.505500000000017e-05	2.150753e+00	5.000000e+00	4.505500e-05	-2.888587e-19	-2.888587e-19
4.515490000000017e-05	2.148081e+00	5.000000e+00	4.515490e-05	-5.327743e-19	-5.327743e-19
4.525480000000018e-05	2.145411e+00	5.000000e+00	4.525480e-05	-5.963112e-19	-5.963112e-19
4.535470000000018e-05	2.142743e+00	5.000000e+00	4.535470e-05	-7.589415e-19	-7.589415e-19
4.545460000000018e-05	2.140078e+00	5.000000e+00	4.545460e-05	3.523657e-19	3.523657e-19
4.555450000000018e-05	2.137414e+00	5.000000e+00	4.555450e-05	5.149960e-19	5.149960e-19
4.565440000000018e-05	2.134753e+00	5.000000e+00	4.565440e-05	5.963112e-19	5.963112e-19
4.575430000000019e-05	2.132094e+00	5.000000e+00	4.575430e-05	-1.165517e-18	-1.165517e-18
4.585420000000019e-05	2.129437e+00	5.000000e+00	4.585420e-05	-7.860466e-19	-7.860466e-19
4.595410000000019e-05	2.126782e+00	5.000000e+00	4.595410e-05	-9.087926e-20	-9.087926e-20
4.605400000000019e-05	2.124130e+00	5.000000e+00	4.605400e-05	-1.084202e-19	-1.084202e-19
4.615390000000020e-05	2.121479e+00	5.000000e+00	4.615390e-05	-1.165517e-18	-1.165517e-18
4.625380000000020e-05	2.118831e+00	5.000000e+00	4.625380e-05	-5.149960e-19	-5.149960e-19
4.635370000000020e-05	2.116184e+00	5.000000e+00	4.635370e-05	1.355253e-18	1.355253e-18
4.645360000000020e-05	2.113540e+00	5.000000e+00	4.645360e-05	1.463673e-18	1.463673e-18
4.655350000000020e-05	2.110898e+00	5.000000e+00	4.655350e-05	-8.847268e-19	-8.847268e-19
4.665340000000021e-05	2.108258e+00	5.000000e+00	4.665340e-05	6.397923e-20	6.397923e-20
4.675330000000021e-05	2.105620e+00	5.000000e+00	4.675330e-05	-5.421011e-20	-5.421011e-20
4.685320000000021e-05	2.102984e+00	5.000000e+00	4.685320e-05	5.692061e-19	5.692061e-19
4.695310000000021e-05	2.100350e+00	5.000000e+00	4.695310e-05	-1.273938e-18	-1.273938e-18
4.705300000000022e-05	2.097718e+00	5.000000e+00	4.705300e-05	1.419348e-18	1.419348e-18
4.715290000000022e-05	2.095088e+00	5.000000e+00	4.715290e-05	-4.336809e-19	-4.336809e-19
4.725280000000022e-05	2.092460e+00	5.000000e+00	4.725280e-05	1.291100e-18	1.291100e-18
4.735270000000022e-05	2.089835e+00	5.000000e+00	4.735270e-05	-1.273938e-18	-1.273938e-18
4.745260000000022e-05	2.087211e+00	5.000000e+00	4.745260e-05	2.168404e-19	2.168404e-19
4.755250000000023e-05	2.084589e+00	5.000000e+00	4.755250e-05	-2.881263e-19	-2.881263e-19
4.765240000000023e-05	2.081970e+00	5.000000e+00	4.765240e-05	-1.111307e-18	-1.111307e-18
4.775230000000023e-05	2.079352e+00	5.000000e+00	4.775230e-05	1.544988e-18	1.544988e-18
4.785220000000023e-05	2.076736e+00	5.000000e+00	4.785220e-05	4.336809e-19	4.336809e-19
4.795210000000023e-05	2.074123e+00	5.000000e+00	4.795210e-05	1.338291e-18	1.338291e-18
4.805200000000024e-05	2.071511e+00	5.000000e+00	4.805200e-05	-4.878910e-19	-4.878910e-19
4.815190000000024e-05	2.068901e+00	5.000000e+00	4.815190e-05	2.454017e-19	2.454017e-19
4.825180000000024e-05	2.066293e+00	5.000000e+00	4.825180e-05	-7.108623e-20	-7.108623e-20
4.835170000000024e-05	2.063688e+00	5.000000e+00	4.835170e-05	1.084202e-19	1.084202e-19
4.845160000000025e-05	2.061084e+00	5.000000e+00	4.845160e-05	1.246832e-18	1.246832e-18
4.855150000000025e-05	2.058482e+00	5.000000e+00	4.855150e-05	-1.235434e-18	-1.235434e-18
4.865140000000025e-05	2.055882e+00	5.000000e+00	4.865140e-05	2.878136e-19	2.878136e-19
4.875130000000025e-05	2.053284e+00	5.000000e+00	4.875130e-05	5.046258e-19	5.046258e-19
4.885120000000025e-05	2.050688e+00	5.000000e+00	4.885120e-05	5.421011e-20	5.421011e-20
4.895110000000026e-05	2.048094e+00	5.000000e+00	4.895110e-05	-3.252607e-19	-3.252607e-19
4.905100000000026e-05	2.045502e+00	5.000000e+00	4.905100e-05	-3.252607e-19	-3.252607e-19
4.915090000000026e-05	2.042912e+00	5.000000e+00	4.915090e-05	2.168404e-19	2.168404e-19
4.925080000000026e-05	2.040323e+00	5.000000e+00	4.925080e-05	-1.263427e-18	-1.263427e-18
4.935070000000027e-05	2.037737e+00	5.000000e+00	4.935070e-05	-1.336037e-19	-1.336037e-19
4.945060000000027e-05	2.035152e+00	5.000000e+00	4.945060e-05	-3.874037e-19	-3.874037e-19
4.955050000000027e-05	2.032569e+00	5.000000e+00	4.955050e-05	-1.192622e-18	-1.192622e-18
4.965040000000027e-05	2.029989e+00	5.000000e+00	4.965040e-05	-5.585845e-19	-5.585845e-19
4.975030000000027e-05	2.027410e+00	5.000000e+00	4.975030e-05	5.421011e-20	5.421011e-20
4.985020000000028e-05	2.024833e+00	5.000000e+00	4.985020e-05	-4.964546e-19	-4.964546e-19
4.995010000000028e-05	2.022258e+00	5.000000e+00	4.995010e-05	-8.295520e-19	-8.295520e-19
5.005000000000028e-05	2.019684e+00	5.000000e+00	5.005000e-05	1.301043e-18	1.301043e-18
5.014990000000028e-05	2.017113e+00	5.000000e+00	5.014990e-05	1.517883e-18	1.517883e-18
5.024980000000029e-05	2.014543e+00	5.000000e+00	5.024980e-05	1.463673e-18	1.463673e-18
5.034970000000029e-05	2.011975e+00	5.000000e+00	5.034970e-05	9.215718e-19	9.215718e-19
5.044960000000029e-05	2.009409e+00	5.000000e+00	5.044960e-05	1.517883e-18	1.517883e-18
5.054950000000029e-05	2.006845e+00	5.000000e+00	5.054950e-05	-3.797461e-20	-3.797461e-20
5.064940000000029e-05	2.004283e+00	5.000000e+00	5.064940e-05	7.862049e-19	7.862049e-19
5.074930000000030e-05	2.001723e+00	5.000000e+00	5.074930e-05	7.589415e-19	7.589415e-19
5.084920000000030e-05	1.999164e+00	5.000000e+00	5.084920e-05	-3.805649e-20	-3.805649e-20
5.094910000000030e-05	1.996607e+00	5.000000e+00	5.094910e-05	7.835150e-19	7.835150e-19
5.104900000000030e-05	1.994052e+00	5.000000e+00	5.104900e-05	-1.029992e-18	-1.029992e-18
5.114890000000031e-05	1.991499e+00	5.000000e+00	5.114890e-05	-2.634043e-19	-2.634043e-19
5.124880000000031e-05	1.988947e+00	5.000000e+00	5.124880e-05	-1.029992e-18	-1.029992e-18
5.134870000000031e-05	1.986398e+00	5.000000e+00	5.134870e-05	7.047314e-19	7.047314e-19
5.144860000000031e-05	1.983850e+00	5.000000e+00	5.144860e-05	5.803202e-19	5.803202e-19
5.154850000000031e-05	1.981304e+00	5.000000e+00	5.154850e-05	-1.409463e-18	-1.409463e-18
5.164840000000032e-05	1.978760e+00	5.000000e+00	5.164840e-05	-1.785674e-19	-1.785674e-19
5.174830000000032e-05	1.976217e+00	5.000000e+00	5.174830e-05	3.252607e-19	3.252607e-19
5.184820000000032e-05	1.973676e+00	5.000000e+00	5.184820e-05	-1.785137e-19	-1.785137e-19
5.194810000000032e-05	1.971137e+00	5.000000e+00	5.194810e-05	-9.757820e-19	-9.757820e-19
5.204800000000033e-05	1.968600e+00	5.000000e+00	5.204800e-05	1.468005e-19	1.468005e-19
5.214790000000033e-05	1.966064e+00	5.000000e+00	5.214790e-05	1.014189e-18	1.014189e-18
5.224780000000033e-05	1.963530e+00	5.000000e+00	5.224780e-05	5.963112e-19	5.963112e-19
5.234770000000033e-05	1.960998e+00	5.000000e+00	5.234770e-05	-5.421011e-20	-5.421011e-20
5.244760000000033e-05	1.958468e+00	5.000000e+00	5.244760e-05	-5.421011e-20	-5.421011e-20
5.254750000000034e-05	1.955939e+00	5.000000e+00	5.254750e-05	1.138412e-18	1.138412e-18
5.264740000000034e-05	1.953412e+00	5.000000e+00	5.264740e-05	5.806410e-19	5.806410e-19
5.274730000000034e-05	1.950887e+00	5.000000e+00	5.274730e-05	5.421011e-20	5.421011e-20
5.284720000000034e-05	1.948364e+00	5.000000e+00	5.284720e-05	1.409463e-18	1.409463e-18
5.294710000000035e-05	1.945842e+00	5.000000e+00	5.294710e-05	7.047314e-19	7.047314e-19
5.304700000000035e-05	1.943322e+00	5.000000e+00	5.304700e-05	-3.252607e-19	-3.252607e-19
5.314690000000035e-05	1.940803e+00	5.000000e+00	5.314690e-05	-3.794708e-19	-3.794708e-19
5.324680000000035e-05	1.938287e+00	5.000000e+00	5.324680e-05	4.336809e-19	4.336809e-19
5.334670000000035e-05	1.935772e+00	5.000000e+00	5.334670e-05	-8.286373e-19	-8.286373e-19
5.344660000000036e-05	1.933258e+00	5.000000e+00	5.344660e-05	-1.084202e-19	-1.084202e-19
5.354650000000036e-05	1.930747e+00	5.000000e+00	5.354650e-05	-4.491141e-19	-4.491141e-19
5.364640000000036e-05	1.928236e+00	5.000000e+00	5.364640e-05	-5.266940e-19	-5.266940e-19
5.374630000000036e-05	1.925728e+00	5.000000e+00	5.374630e-05	2.556695e-19	2.556695e-19
5.384620000000037e-05	1.923221e+00	5.000000e+00	5.384620e-05	-5.032460e-19	-5.032460e-19
5.394610000000037e-05	1.920716e+00	5.000000e+00	5.394610e-05	-1.370582e-18	-1.370582e-18
5.404600000000037e-05	1.918213e+00	5.000000e+00	5.404600e-05	2.168404e-19	2.168404e-19
5.414590000000037e-05	1.915711e+00	5.000000e+00	5.414590e-05	5.421011e-20	5.421011e-20
5.424580000000037e-05	1.913211e+00	5.000000e+00	5.424580e-05	-1.502632e-18	-1.502632e-18
5.434570000000038e-05	1.910713e+00	5.000000e+00	5.434570e-05	1.084202e-19	1.084202e-19
5.444560000000038e-05	1.908216e+00	5.000000e+00	5.444560e-05	-1.572093e-18	-1.572093e-18
5.454550000000038e-05	1.905720e+00	5.000000e+00	5.454550e-05	1.409463e-18	1.409463e-18
5.464540000000038e-05	1.903227e+00	5.000000e+00	5.464540e-05	-1.192622e-18	-1.192622e-18
5.474530000000039e-05	1.900735e+00	5.000000e+00	5.474530e-05	5.421011e-20	5.421011e-20
5.484520000000039e-05	1.898244e+00	5.000000e+00	5.484520e-05	-4.185843e-19	-4.185843e-19
5.494510000000039e-05	1.895756e+00	5.000000e+00	5.494510e-05	1.029992e-18	1.029992e-18
5.504500000000039e-05	1.893268e+00	5.000000e+00	5.504500e-05	3.794708e-19	3.794708e-19
5.514490000000039e-05	1.890783e+00	5.000000e+00	5.514490e-05	-7.739613e-19	-7.739613e-19
5.524480000000040e-05	1.888299e+00	5.000000e+00	5.524480e-05	1.286048e-18	1.286048e-18
5.534470000000040e-05	1.885816e+00	5.000000e+00	5.534470e-05	1.246832e-18	1.246832e-18
5.544460000000040e-05	1.883335e+00	5.000000e+00	5.544460e-05	-5.963112e-19	-5.963112e-19
5.554450000000040e-05	1.880856e+00	5.000000e+00	5.554450e-05	1.138412e-18	1.138412e-18
5.564440000000041e-05	1.878379e+00	5.000000e+00	5.564440e-05	1.478565e-18	1.478565e-18
5.574430000000041e-05	1.875902e+00	5.000000e+00	5.574430e-05	-5.027581e-19	-5.027581e-19
5.584420000000041e-05	1.873428e+00	5.000000e+00	5.584420e-05	5.963112e-19	5.963112e-19
5.594410000000041e-05	1.870955e+00	5.000000e+00	5.594410e-05	-9.757820e-19	-9.757820e-19
5.604400000000041e-05	1.868483e+00	5.000000e+00	5.604400e-05	-6.357300e-19	-6.357300e-19
5.614390000000042e-05	1.866013e+00	5.000000e+00	5.614390e-05	-3.794708e-19	-3.794708e-19
5.624380000000042e-05	1.863545e+00	5.000000e+00	5.624380e-05	-1.301043e-18	-1.301043e-18
5.634370000000042e-05	1.861078e+00	5.000000e+00	5.634370e-05	-5.421011e-19	-5.421011e-19
5.644360000000042e-05	1.858613e+00	5.000000e+00	5.644360e-05	6.505213e-19	6.505213e-19
5.654350000000043e-05	1.856149e+00	5.000000e+00	5.654350e-05	-1.232167e-18	-1.232167e-18
5.664340000000043e-05	1.853687e+00	5.000000e+00	5.664340e-05	-1.772709e-19	-1.772709e-19
5.674330000000043e-05	1.851226e+00	5.000000e+00	5.674330e-05	2.168404e-19	2.168404e-19
5.684320000000043e-05	1.848767e+00	5.000000e+00	5.684320e-05	1.192622e-18	1.192622e-18
5.694310000000043e-05	1.846309e+00	5.000000e+00	5.694310e-05	-2.856162e-19	-2.856162e-19
5.704300000000044e-05	1.843853e+00	5.000000e+00	5.704300e-05	-4.482217e-19	-4.482217e-19
5.714290000000044e-05	1.841398e+00	5.000000e+00	5.714290e-05	-1.503367e-18	-1.503367e-18
5.724280000000044e-05	1.838945e+00	5.000000e+00	5.724280e-05	-6.505213e-19	-6.505213e-19
5.734270000000044e-05	1.836494e+00	5.000000e+00	5.734270e-05	-3.939371e-19	-3.939371e-19
5.744260000000045e-05	1.834044e+00	5.000000e+00	5.744260e-05	-1.228618e-19	-1.228618e-19
5.754250000000045e-05	1.831595e+00	5.000000e+00	5.754250e-05	1.084202e-19	1.084202e-19
5.764240000000045e-05	1.829148e+00	5.000000e+00	5.764240e-05	1.626303e-19	1.626303e-19
5.774230000000045e-05	1.826702e+00	5.000000e+00	5.774230e-05	-9.215718e-19	-9.215718e-19
5.784220000000045e-05	1.824258e+00	5.000000e+00	5.784220e-05	1.463673e-18	1.463673e-18
5.794210000000046e-05	1.821815e+00	5.000000e+00	5.794210e-05	-1.572093e-18	-1.572093e-18
5.804200000000046e-05	1.819374e+00	5.000000e+00	5.804200e-05	2.710505e-19	2.710505e-19
5.814190000000046e-05	1.816934e+00	5.000000e+00	5.814190e-05	1.426922e-20	1.426922e-20
5.824180000000046e-05	1.814496e+00	5.000000e+00	5.824180e-05	3.937155e-19	3.937155e-19
5.834170000000046e-05	1.812059e+00	5.000000e+00	5.834170e-05	-5.963112e-19	-5.963112e-19
5.844160000000047e-05	1.809623e+00	5.000000e+00	5.844160e-05	2.710505e-19	2.710505e-19
5.854150000000047e-05	1.807189e+00	5.000000e+00	5.854150e-05	1.261004e-18	1.261004e-18
5.864140000000047e-05	1.804757e+00	5.000000e+00	5.864140e-05	-9.215718e-19	-9.215718e-19
5.874130000000047e-05	1.802326e+00	5.000000e+00	5.874130e-05	-8.272744e-19	-8.272744e-19
5.884120000000048e-05	1.799896e+00	5.000000e+00	5.884120e-05	-7.047314e-19	-7.047314e-19
5.894110000000048e-05	1.797468e+00	5.000000e+00	5.894110e-05	1.232758e-18	1.232758e-18
5.904100000000048e-05	1.795041e+00	5.000000e+00	5.904100e-05	4.016007e-20	4.016007e-20
5.914090000000048e-05	1.792616e+00	5.000000e+00	5.914090e-05	-9.757820e-19	-9.757820e-19
5.924080000000048e-05	1.790192e+00	5.000000e+00	5.924080e-05	2.710505e-19	2.710505e-19
5.934070000000049e-05	1.787769e+00	5.000000e+00	5.934070e-05	-9.618044e-19	-9.618044e-19
5.944060000000049e-05	1.785348e+00	5.000000e+00	5.944060e-05	4.336809e-19	4.336809e-19
5.954050000000049e-05	1.782928e+00	5.000000e+00	5.954050e-05	-1.287113e-18	-1.287113e-18
5.964040000000049e-05	1.780510e+00	5.000000e+00	5.964040e-05	1.246832e-18	1.246832e-18
5.974030000000050e-05	1.778093e+00	5.000000e+00	5.974030e-05	-1.626303e-19	-1.626303e-19
5.984020000000050e-05	1.775678e+00	5.000000e+00	5.984020e-05	1.355253e-18	1.355253e-18
5.994010000000050e-05	1.773263e+00	5.000000e+00	5.994010e-05	-1.355253e-18	-1.355253e-18
6.004000000000050e-05	1.770851e+00	5.000000e+00	6.004000e-05	-1.355253e-18	-1.355253e-18
6.013990000000050e-05	1.768439e+00	5.000000e+00	6.013990e-05	9.895676e-19	9.895676e-19
6.023980000000051e-05	1.766029e+00	5.000000e+00	6.023980e-05	-7.589415e-19	-7.589415e-19
6.033970000000051e-05	1.763621e+00	5.000000e+00	6.033970e-05	1.463673e-18	1.463673e-18
6.043960000000051e-05	1.761214e+00	5.000000e+00	6.043960e-05	7.994373e-19	7.994373e-19
6.053950000000051e-05	1.758808e+00	5.000000e+00	6.053950e-05	-3.252607e-19	-3.252607e-19
6.063940000000052e-05	1.756403e+00	5.000000e+00	6.063940e-05	0.000000e+00	0.000000e+00
6.073930000000052e-05	1.754000e+00	5.000000e+00	6.073930e-05	-5.421011e-20	-5.421011e-20
6.083920000000052e-05	1.751599e+00	5.000000e+00	6.083920e-05	-2.168404e-19	-2.168404e-19
6.093910000000052e-05	1.749198e+00	5.000000e+00	6.093910e-05	-1.084202e-18	-1.084202e-18
6.103900000000052e-05	1.746799e+00	5.000000e+00	6.103900e-05	-4.063780e-20	-4.063780e-20
6.113890000000052e-05	1.744402e+00	5.000000e+00	6.113890e-05	6.505213e-19	6.505213e-19
6.123880000000052e-05	1.742005e+00	5.000000e+00	6.123880e-05	-1.517883e-18	-1.517883e-18
6.133870000000051e-05	1.739610e+00	5.000000e+00	6.133870e-05	-5.013927e-19	-5.013927e-19
6.143860000000051e-05	1.737217e+00	5.000000e+00	6.143860e-05	3.794708e-19	3.794708e-19
6.153850000000050e-05	1.734825e+00	5.000000e+00	6.153850e-05	-3.252607e-19	-3.252607e-19
6.163840000000050e-05	1.732434e+00	5.000000e+00	6.163840e-05	-1.151844e-18	-1.151844e-18
6.173830000000049e-05	1.730044e+00	5.000000e+00	6.173830e-05	1.233424e-18	1.233424e-18
6.183820000000049e-05	1.727656e+00	5.000000e+00	6.183820e-05	-6.505213e-19	-6.505213e-19
6.193810000000048e-05	1.725269e+00	5.000000e+00	6.193810e-05	7.047314e-19	7.047314e-19
6.203800000000048e-05	1.722883e+00	5.000000e+00	6.203800e-05	5.963112e-19	5.963112e-19
6.213790000000047e-05	1.720499e+00	5.000000e+00	6.213790e-05	-4.469957e-19	-4.469957e-19
6.223780000000047e-05	1.718116e+00	5.000000e+00	6.223780e-05	-9.890736e-19	-9.890736e-19
6.233770000000047e-05	1.715734e+00	5.000000e+00	6.233770e-05	1.301043e-18	1.301043e-18
6.243760000000046e-05	1.713354e+00	5.000000e+00	6.243760e-05	1.016747e-18	1.016747e-18
6.253750000000046e-05	1.710975e+00	5.000000e+00	6.253750e-05	-1.246832e-18	-1.246832e-18
6.263740000000045e-05	1.708597e+00	5.000000e+00	6.263740e-05	-5.553001e-19	-5.553001e-19
6.273730000000045e-05	1.706221e+00	5.000000e+00	6.273730e-05	3.252607e-19	3.252607e-19
6.283720000000044e-05	1.703845e+00	5.000000e+00	6.283720e-05	-9.526733e-20	-9.526733e-20
6.293710000000044e-05	1.701471e+00	5.000000e+00	6.293710e-05	-5.421011e-19	-5.421011e-19
6.303700000000043e-05	1.699099e+00	5.000000e+00	6.303700e-05	3.663639e-19	3.663639e-19
6.313690000000043e-05	1.696728e+00	5.000000e+00	6.313690e-05	5.421011e-20	5.421011e-20
6.323680000000042e-05	1.694358e+00	5.000000e+00	6.323680e-05	1.043053e-18	1.043053e-18
6.333670000000042e-05	1.691989e+00	5.000000e+00	6.333670e-05	-8.673617e-19	-8.673617e-19
6.343660000000042e-05	1.689621e+00	5.000000e+00	6.343660e-05	-9.215718e-19	-9.215718e-19
6.353650000000041e-05	1.687255e+00	5.000000e+00	6.353650e-05	2.298328e-19	2.298328e-19
6.363640000000041e-05	1.684890e+00	5.000000e+00	6.363640e-05	5.421011e-20	5.421011e-20
6.373630000000040e-05	1.682526e+00	5.000000e+00	6.373630e-05	-2.710505e-19	-2.710505e-19
6.383620000000040e-05	1.680164e+00	5.000000e+00	6.383620e-05	1.559169e-18	1.559169e-18
6.393610000000039e-05	1.677803e+00	5.000000e+00	6.393610e-05	4.465821e-19	4.465821e-19
6.403600000000039e-05	1.675443e+00	5.000000e+00	6.403600e-05	1.497518e-19	1.497518e-19
6.413590000000038e-05	1.673084e+00	5.000000e+00	6.413590e-05	-5.421011e-19	-5.421011e-19
6.423580000000038e-05	1.670727e+00	5.000000e+00	6.423580e-05	-2.838838e-19	-2.838838e-19
6.433570000000037e-05	1.668371e+00	5.000000e+00	6.433570e-05	1.754409e-19	1.754409e-19
6.443560000000037e-05	1.666016e+00	5.000000e+00	6.443560e-05	5.963112e-19	5.963112e-19
6.453550000000036e-05	1.663662e+00	5.000000e+00	6.453550e-05	3.252607e-19	3.252607e-19
6.463540000000036e-05	1.661310e+00	5.000000e+00	6.463540e-05	-9.088289e-19	-9.088289e-19
6.473530000000036e-05	1.658958e+00	5.000000e+00	6.473530e-05	-4.751705e-19	-4.751705e-19
6.483520000000035e-05	1.656608e+00	5.000000e+00	6.483520e-05	1.138412e-18	1.138412e-18
6.493510000000035e-05	1.654260e+00	5.000000e+00	6.493510e-05	2.041649e-19	2.041649e-19
6.503500000000034e-05	1.651912e+00	5.000000e+00	6.503500e-05	1.210733e-19	1.210733e-19
6.513490000000034e-05	1.649566e+00	5.000000e+00	6.513490e-05	-5.421011e-20	-5.421011e-20
6.523480000000033e-05	1.647221e+00	5.000000e+00	6.523480e-05	7.047314e-19	7.047314e-19
6.533470000000033e-05	1.644877e+00	5.000000e+00	6.533470e-05	-1.138412e-18	-1.138412e-18
6.543460000000032e-05	1.642534e+00	5.000000e+00	6.543460e-05	-1.559530e-18	-1.559530e-18
6.553450000000032e-05	1.640193e+00	5.000000e+00	6.553450e-05	-3.252607e-19	-3.252607e-19
6.563440000000031e-05	1.637853e+00	5.000000e+00	6.563440e-05	-1.476192e-18	-1.476192e-18
6.573430000000031e-05	1.635514e+00	5.000000e+00	6.573430e-05	5.421011e-20	5.421011e-20
6.583420000000031e-05	1.633176e+00	5.000000e+00	6.583420e-05	9.757820e-19	9.757820e-19
6.593410000000030e-05	1.630839e+00	5.000000e+00	6.593410e-05	-1.626303e-19	-1.626303e-19
6.603400000000030e-05	1.628504e+00	5.000000e+00	6.603400e-05	5.003213e-19	5.003213e-19
6.613390000000029e-05	1.626169e+00	5.000000e+00	6.613390e-05	5.545093e-19	5.545093e-19
6.623380000000029e-05	1.623836e+00	5.000000e+00	6.623380e-05	4.336809e-19	4.336809e-19
6.633370000000028e-05	1.621504e+00	5.000000e+00	6.633370e-05	-4.878910e-19	-4.878910e-19
6.643360000000028e-05	1.619174e+00	5.000000e+00	6.643360e-05	4.878910e-19	4.878910e-19
6.653350000000027e-05	1.616844e+00	5.000000e+00	6.653350e-05	-1.463673e-18	-1.463673e-18
6.663340000000027e-05	1.614516e+00	5.000000e+00	6.663340e-05	-1.614005e-18	-1.614005e-18
6.673330000000026e-05	1.612189e+00	5.000000e+00	6.673330e-05	4.336809e-19	4.336809e-19
6.683320000000026e-05	1.609863e+00	5.000000e+00	6.683320e-05	-5.421011e-19	-5.421011e-19
6.693310000000026e-05	1.607538e+00	5.000000e+00	6.693310e-05	-1.572093e-18	-1.572093e-18
6.703300000000025e-05	1.605214e+00	5.000000e+00	6.703300e-05	-5.963112e-19	-5.963112e-19
6.713290000000025e-05	1.602892e+00	5.000000e+00	6.713290e-05	-1.301043e-18	-1.301043e-18
6.723280000000024e-05	1.600570e+00	5.000000e+00	6.723280e-05	1.084202e-18	1.084202e-18
6.733270000000024e-05	1.598250e+00	5.000000e+00	6.733270e-05	0.000000e+00	0.000000e+00
6.743260000000023e-05	1.595931e+00	5.000000e+00	6.743260e-05	-5.421011e-19	-5.421011e-19
6.753250000000023e-05	1.593613e+00	5.000000e+00	6.753250e-05	2.710505e-19	2.710505e-19
6.763240000000022e-05	1.591297e+00	5.000000e+00	6.763240e-05	3.794708e-19	3.794708e-19
6.773230000000022e-05	1.588981e+00	5.000000e+00	6.773230e-05	-4.878910e-19	-4.878910e-19
6.783220000000021e-05	1.586667e+00	5.000000e+00	6.783220e-05	4.999272e-19	4.999272e-19
6.793210000000021e-05	1.584353e+00	5.000000e+00	6.793210e-05	-5.421011e-19	-5.421011e-19
6.803200000000021e-05	1.582041e+00	5.000000e+00	6.803200e-05	-1.192622e-18	-1.192622e-18
6.813190000000020e-05	1.579730e+00	5.000000e+00	6.813190e-05	-4.336809e-19	-4.336809e-19
6.823180000000020e-05	1.577420e+00	5.000000e+00	6.823180e-05	-3.794708e-19	-3.794708e-19
6.833170000000019e-05	1.575112e+00	5.000000e+00	6.833170e-05	1.560165e-18	1.560165e-18
6.843160000000019e-05	1.572804e+00	5.000000e+00	6.843160e-05	-1.626303e-18	-1.626303e-18
6.853150000000018e-05	1.570498e+00	5.000000e+00	6.853150e-05	-9.096867e-19	-9.096867e-19
6.863140000000018e-05	1.568192e+00	5.000000e+00	6.863140e-05	-9.655652e-20	-9.655652e-20
6.873130000000017e-05	1.565888e+00	5.000000e+00	6.873130e-05	-9.757820e-19	-9.757820e-19
6.883120000000017e-05	1.563585e+00	5.000000e+00	6.883120e-05	-9.659939e-20	-9.659939e-20
6.893110000000016e-05	1.561283e+00	5.000000e+00	6.893110e-05	-1.192622e-18	-1.192622e-18
6.903100000000016e-05	1.558982e+00	5.000000e+00	6.903100e-05	-1.084202e-18	-1.084202e-18
6.913090000000015e-05	1.556682e+00	5.000000e+00	6.913090e-05	-2.168404e-19	-2.168404e-19
6.923080000000015e-05	1.554383e+00	5.000000e+00	6.923080e-05	1.041727e-18	1.041727e-18
6.933070000000015e-05	1.552086e+00	5.000000e+00	6.933070e-05	-1.201343e-19	-1.201343e-19
6.943060000000014e-05	1.549789e+00	5.000000e+00	6.943060e-05	3.252607e-19	3.252607e-19
6.953050000000014e-05	1.547494e+00	5.000000e+00	6.953050e-05	3.252607e-19	3.252607e-19
6.963040000000013e-05	1.545200e+00	5.000000e+00	6.963040e-05	-5.421011e-19	-5.421011e-19
6.973030000000013e-05	1.542906e+00	5.000000e+00	6.973030e-05	-7.589415e-19	-7.589415e-19
6.983020000000012e-05	1.540614e+00	5.000000e+00	6.983020e-05	-7.705495e-19	-7.705495e-19
6.993010000000012e-05	1.538323e+00	5.000000e+00	6.993010e-05	5.421011e-19	5.421011e-19
7.003000000000011e-05	1.536033e+00	5.000000e+00	7.003000e-05	7.589415e-19	7.589415e-19
7.012990000000011e-05	1.533744e+00	5.000000e+00	7.012990e-05	1.583638e-18	1.583638e-18
7.022980000000010e-05	1.531457e+00	5.000000e+00	7.022980e-05	1.149936e-18	1.149936e-18
7.032970000000010e-05	1.529170e+00	5.000000e+00	7.032970e-05	5.421011e-20	5.421011e-20
7.042960000000010e-05	1.526884e+00	5.000000e+00	7.042960e-05	-4.221994e-19	-4.221994e-19
7.052950000000009e-05	1.524600e+00	5.000000e+00	7.052950e-05	8.673617e-19	8.673617e-19
7.062940000000009e-05	1.522316e+00	5.000000e+00	7.062940e-05	1.192622e-18	1.192622e-18
7.072930000000008e-05	1.520034e+00	5.000000e+00	7.072930e-05	1.138412e-18	1.138412e-18
7.082920000000008e-05	1.517753e+00	5.000000e+00	7.082920e-05	-2.596530e-19	-2.596530e-19
7.092910000000007e-05	1.515472e+00	5.000000e+00	7.092910e-05	-1.614927e-18	-1.614927e-18
7.102900000000007e-05	1.513193e+00	5.000000e+00	7.102900e-05	1.463673e-18	1.463673e-18
7.112890000000006e-05	1.510915e+00	5.000000e+00	7.112890e-05	-5.421011e-20	-5.421011e-20
7.122880000000006e-05	1.508638e+00	5.000000e+00	7.122880e-05	-1.084202e-18	-1.084202e-18
7.132870000000005e-05	1.506362e+00	5.000000e+00	7.132870e-05	-9.328651e-19	-9.328651e-19
7.142860000000005e-05	1.504087e+00	5.000000e+00	7.142860e-05	1.463673e-18	1.463673e-18
7.152850000000005e-05	1.501813e+00	5.000000e+00	7.152850e-05	-6.505213e-19	-6.505213e-19
7.162840000000004e-05	1.499540e+00	5.000000e+00	7.162840e-05	5.421011e-19	5.421011e-19
7.172830000000004e-05	1.497268e+00	5.000000e+00	7.172830e-05	-1.626303e-19	-1.626303e-19
7.182820000000003e-05	1.494998e+00	5.000000e+00	7.182820e-05	0.000000e+00	0.000000e+00
7.192810000000003e-05	1.492728e+00	5.000000e+00	7.192810e-05	-6.074800e-19	-6.074800e-19
7.202800000000002e-05	1.490459e+00	5.000000e+00	7.202800e-05	3.252607e-19	3.252607e-19
7.212790000000002e-05	1.488191e+00	5.000000e+00	7.212790e-05	1.138412e-18	1.138412e-18
7.222780000000001e-05	1.485925e+00	5.000000e+00	7.222780e-05	5.963112e-19	5.963112e-19
7.232770000000001e-05	1.483659e+00	5.000000e+00	7.232770e-05	-2.057540e-19	-2.057540e-19
7.242760000000000e-05	1.481395e+00	5.000000e+00	7.242760e-05	1.736962e-19	1.736962e-19
7.252750000000000e-05	1.479131e+00	5.000000e+00	7.252750e-05	1.301043e-18	1.301043e-18
7.262740000000000e-05	1.476869e+00	5.000000e+00	7.262740e-05	-9.105471e-19	-9.105471e-19
7.272729999999999e-05	1.474607e+00	5.000000e+00	7.272730e-05	7.589415e-19	7.589415e-19
7.282719999999999e-05	1.472347e+00	5.000000e+00	7.282720e-05	1.084202e-18	1.084202e-18
7.292709999999998e-05	1.470087e+00	5.000000e+00	7.292710e-05	-9.745682e-20	-9.745682e-20
7.302699999999998e-05	1.467829e+00	5.000000e+00	7.302700e-05	-6.505213e-19	-6.505213e-19
7.312689999999997e-05	1.465571e+00	5.000000e+00	7.312690e-05	-1.626303e-19	-1.626303e-19
7.322679999999997e-05	1.463315e+00	5.000000e+00	7.322680e-05	8.131516e-19	8.131516e-19
7.332669999999996e-05	1.461059e+00	5.000000e+00	7.332670e-05	-8.240335e-19	-8.240335e-19
7.342659999999996e-05	1.458805e+00	5.000000e+00	7.342660e-05	-2.819121e-19	-2.819121e-19
7.352649999999995e-05	1.456551e+00	5.000000e+00	7.352650e-05	-2.059992e-19	-2.059992e-19
7.362639999999995e-05	1.454299e+00	5.000000e+00	7.362640e-05	-3.794708e-19	-3.794708e-19
7.372629999999994e-05	1.452048e+00	5.000000e+00	7.372630e-05	9.323726e-19	9.323726e-19
7.382619999999994e-05	1.449797e+00	5.000000e+00	7.382620e-05	-1.561313e-18	-1.561313e-18
7.392609999999994e-05	1.447548e+00	5.000000e+00	7.392610e-05	-2.710505e-19	-2.710505e-19
7.402599999999993e-05	1.445299e+00	5.000000e+00	7.402600e-05	-2.275804e-19	-2.275804e-19
7.412589999999993e-05	1.443052e+00	5.000000e+00	7.412590e-05	0.000000e+00	0.000000e+00
7.422579999999992e-05	1.440806e+00	5.000000e+00	7.422580e-05	1.626303e-19	1.626303e-19
7.432569999999992e-05	1.438560e+00	5.000000e+00	7.432570e-05	1.733099e-19	1.733099e-19
7.442559999999991e-05	1.436316e+00	5.000000e+00	7.442560e-05	-1.463673e-18	-1.463673e-18
7.452549999999991e-05	1.434072e+00	5.000000e+00	7.452550e-05	-5.421011e-19	-5.421011e-19
7.462539999999990e-05	1.431830e+00	5.000000e+00	7.462540e-05	-1.084202e-19	-1.084202e-19
7.472529999999990e-05	1.429588e+00	5.000000e+00	7.472530e-05	-9.782096e-20	-9.782096e-20
7.482519999999989e-05	1.427347e+00	5.000000e+00	7.482520e-05	4.363088e-20	4.363088e-20
7.492509999999989e-05	1.425108e+00	5.000000e+00	7.492510e-05	2.604913e-19	2.604913e-19
7.502499999999989e-05	1.422869e+00	5.000000e+00	7.502500e-05	-1.019453e-18	-1.019453e-18
7.512489999999988e-05	1.420632e+00	5.000000e+00	7.512490e-05	1.626303e-19	1.626303e-19
7.522479999999988e-05	1.418395e+00	5.000000e+00	7.522480e-05	9.320713e-19	9.320713e-19
7.532469999999987e-05	1.416159e+00	5.000000e+00	7.532470e-05	-1.463673e-18	-1.463673e-18
7.542459999999987e-05	1.413924e+00	5.000000e+00	7.542460e-05	1.311502e-18	1.311502e-18
7.552449999999986e-05	1.411691e+00	5.000000e+00	7.552450e-05	1.182183e-18	1.182183e-18
7.562439999999986e-05	1.409458e+00	5.000000e+00	7.562440e-05	-1.572093e-18	-1.572093e-18
7.572429999999985e-05	1.407226e+00	5.000000e+00	7.572430e-05	-1.572093e-18	-1.572093e-18
7.582419999999985e-05	1.404995e+00	5.000000e+00	7.582420e-05	1.301043e-18	1.301043e-18
7.592409999999984e-05	1.402765e+00	5.000000e+00	7.592410e-05	1.084202e-19	1.084202e-19
7.602399999999984e-05	1.400536e+00	5.000000e+00	7.602400e-05	1.148753e-18	1.148753e-18
7.612389999999984e-05	1.398308e+00	5.000000e+00	7.612390e-05	8.131516e-19	8.131516e-19
7.622379999999983e-05	1.396081e+00	5.000000e+00	7.622380e-05	7.486403e-19	7.486403e-19
7.632369999999983e-05	1.393855e+00	5.000000e+00	7.632370e-05	5.421011e-19	5.421011e-19
7.642359999999982e-05	1.391630e+00	5.000000e+00	7.642360e-05	5.421011e-20	5.421011e-20
7.652349999999982e-05	1.389405e+00	5.000000e+00	7.652350e-05	3.252607e-19	3.252607e-19
7.662339999999981e-05	1.387182e+00	5.000000e+00	7.662340e-05	5.963112e-19	5.963112e-19
7.672329999999981e-05	1.384959e+00	5.000000e+00	7.672330e-05	-2.066375e-19	-2.066375e-19
7.682319999999980e-05	1.382738e+00	5.000000e+00	7.682320e-05	-7.589415e-19	-7.589415e-19
7.692309999999980e-05	1.380517e+00	5.000000e+00	7.692310e-05	-1.626303e-19	-1.626303e-19
7.702299999999979e-05	1.378298e+00	5.000000e+00	7.702300e-05	6.435430e-20	6.435430e-20
7.712289999999979e-05	1.376079e+00	5.000000e+00	7.712290e-05	5.319764e-19	5.319764e-19
7.722279999999979e-05	1.373861e+00	5.000000e+00	7.722280e-05	-9.215718e-19	-9.215718e-19
7.732269999999978e-05	1.371644e+00	5.000000e+00	7.732270e-05	3.151750e-19	3.151750e-19
7.742259999999978e-05	1.369429e+00	5.000000e+00	7.742260e-05	9.215718e-19	9.215718e-19
7.752249999999977e-05	1.367214e+00	5.000000e+00	7.752250e-05	2.067937e-19	2.067937e-19
7.762239999999977e-05	1.365000e+00	5.000000e+00	7.762240e-05	2.710505e-19	2.710505e-19
7.772229999999976e-05	1.362786e+00	5.000000e+00	7.772230e-05	-1.094210e-18	-1.094210e-18
7.782219999999976e-05	1.360574e+00	5.000000e+00	7.782220e-05	-4.878910e-19	-4.878910e-19
7.792209999999975e-05	1.358363e+00	5.000000e+00	7.792210e-05	-3.894399e-19	-3.894399e-19
7.802199999999975e-05	1.356152e+00	5.000000e+00	7.802200e-05	1.626303e-19	1.626303e-19
7.812189999999974e-05	1.353943e+00	5.000000e+00	7.812190e-05	-1.419393e-18	-1.419393e-18
7.822179999999974e-05	1.351734e+00	5.000000e+00	7.822180e-05	1.084202e-19	1.084202e-19
7.832169999999973e-05	1.349527e+00	5.000000e+00	7.832170e-05	2.168404e-19	2.168404e-19
7.842159999999973e-05	1.347320e+00	5.000000e+00	7.842160e-05	1.626303e-19	1.626303e-19
7.852149999999973e-05	1.345114e+00	5.000000e+00	7.852150e-05	-1.182769e-18	-1.182769e-18
7.862139999999972e-05	1.342909e+00	5.000000e+00	7.862140e-05	-3.696366e-19	-3.696366e-19
7.872129999999972e-05	1.340705e+00	5.000000e+00	7.872130e-05	-1.084202e-19	-1.084202e-19
7.882119999999971e-05	1.338502e+00	5.000000e+00	7.882120e-05	-1.148208e-18	-1.148208e-18
7.892109999999971e-05	1.336299e+00	5.000000e+00	7.892110e-05	3.154841e-19	3.154841e-19
7.902099999999970e-05	1.334098e+00	5.000000e+00	7.902100e-05	5.421011e-20	5.421011e-20
7.912089999999970e-05	1.331897e+00	5.000000e+00	7.912090e-05	1.237094e-18	1.237094e-18
7.922079999999969e-05	1.329698e+00	5.000000e+00	7.922080e-05	1.084202e-18	1.084202e-18
7.932069999999969e-05	1.327499e+00	5.000000e+00	7.932070e-05	-1.084202e-18	-1.084202e-18
7.942059999999968e-05	1.325301e+00	5.000000e+00	7.942060e-05	-9.312529e-19	-9.312529e-19
7.952049999999968e-05	1.323104e+00	5.000000e+00	7.952050e-05	2.168404e-19	2.168404e-19
7.962039999999968e-05	1.320908e+00	5.000000e+00	7.962040e-05	1.454030e-18	1.454030e-18
7.972029999999967e-05	1.318713e+00	5.000000e+00	7.972030e-05	8.035277e-19	8.035277e-19
7.982019999999967e-05	1.316519e+00	5.000000e+00	7.982020e-05	-2.072355e-19	-2.072355e-19
7.992009999999966e-05	1.314325e+00	5.000000e+00	7.992010e-05	4.878910e-19	4.878910e-19
8.001999999999966e-05	1.312133e+00	5.000000e+00	8.002000e-05	2.710505e-19	2.710505e-19
8.011989999999965e-05	1.309941e+00	5.000000e+00	8.011990e-05	3.794708e-19	3.794708e-19
8.021979999999965e-05	1.307750e+00	5.000000e+00	8.021980e-05	3.347898e-19	3.347898e-19
8.031969999999964e-05	1.305560e+00	5.000000e+00	8.031970e-05	1.084202e-18	1.084202e-18
8.041959999999964e-05	1.303371e+00	5.000000e+00	8.041960e-05	-7.142228e-19	-7.142228e-19
8.051949999999963e-05	1.301183e+00	5.000000e+00	8.051950e-05	-6.952589e-19	-6.952589e-19
8.061939999999963e-05	1.298995e+00	5.000000e+00	8.061940e-05	3.347143e-19	3.347143e-19
8.071929999999963e-05	1.296809e+00	5.000000e+00	8.071930e-05	-9.852168e-19	-9.852168e-19
8.081919999999962e-05	1.294623e+00	5.000000e+00	8.081920e-05	-1.138412e-18	-1.138412e-18
8.091909999999962e-05	1.292439e+00	5.000000e+00	8.091910e-05	1.626303e-19	1.626303e-19
8.101899999999961e-05	1.290255e+00	5.000000e+00	8.101900e-05	-1.720088e-19	-1.720088e-19
8.111889999999961e-05	1.288072e+00	5.000000e+00	8.111890e-05	5.963112e-19	5.963112e-19
8.121879999999960e-05	1.285889e+00	5.000000e+00	8.121880e-05	-1.201963e-18	-1.201963e-18
8.131869999999960e-05	1.283708e+00	5.000000e+00	8.131870e-05	-1.084202e-19	-1.084202e-19
8.141859999999959e-05	1.281528e+00	5.000000e+00	8.141860e-05	8.224553e-19	8.224553e-19
8.151849999999959e-05	1.279348e+00	5.000000e+00	8.151850e-05	-3.794708e-19	-3.794708e-19
8.161839999999958e-05	1.277169e+00	5.000000e+00	8.161840e-05	2.168404e-19	2.168404e-19
8.171829999999958e-05	1.274991e+00	5.000000e+00	8.171830e-05	6.055589e-19	6.055589e-19
8.181819999999958e-05	1.272814e+00	5.000000e+00	8.181820e-05	3.702416e-19	3.702416e-19
8.191809999999957e-05	1.270638e+00	5.000000e+00	8.191810e-05	-1.138412e-18	-1.138412e-18
8.201799999999957e-05	1.268462e+00	5.000000e+00	8.201800e-05	-1.572093e-18	-1.572093e-18
8.211789999999956e-05	1.266288e+00	5.000000e+00	8.211790e-05	1.084202e-18	1.084202e-18
8.221779999999956e-05	1.264114e+00	5.000000e+00	8.221780e-05	-5.421011e-19	-5.421011e-19
8.231769999999955e-05	1.261941e+00	5.000000e+00	8.231770e-05	9.136348e-21	9.136348e-21
8.241759999999955e-05	1.259769e+00	5.000000e+00	8.241760e-05	9.117850e-21	9.117850e-21
8.251749999999954e-05	1.257597e+00	5.000000e+00	8.251750e-05	4.878910e-19	4.878910e-19
8.261739999999954e-05	1.255427e+00	5.000000e+00	8.261740e-05	-6.505213e-19	-6.505213e-19
8.271729999999953e-05	1.253257e+00	5.000000e+00	8.271730e-05	2.077780e-19	2.077780e-19
8.281719999999953e-05	1.251089e+00	5.000000e+00	8.281720e-05	1.084202e-19	1.084202e-19
8.291709999999952e-05	1.248921e+00	5.000000e+00	8.291710e-05	4.788654e-19	4.788654e-19
8.301699999999952e-05	1.246753e+00	5.000000e+00	8.301700e-05	4.336809e-19	4.336809e-19
8.311689999999952e-05	1.244587e+00	5.000000e+00	8.311690e-05	1.255821e-18	1.255821e-18
8.321679999999951e-05	1.242422e+00	5.000000e+00	8.321680e-05	2.620800e-19	2.620800e-19
8.331669999999951e-05	1.240257e+00	5.000000e+00	8.331670e-05	-3.252607e-19	-3.252607e-19
8.341659999999950e-05	1.238093e+00	5.000000e+00	8.341660e-05	-1.581027e-18	-1.581027e-18
8.351649999999950e-05	1.235930e+00	5.000000e+00	8.351650e-05	4.789754e-19	4.789754e-19
8.361639999999949e-05	1.233768e+00	5.000000e+00	8.361640e-05	1.255730e-18	1.255730e-18
8.371629999999949e-05	1.231606e+00	5.000000e+00	8.371630e-05	8.673617e-19	8.673617e-19
8.381619999999948e-05	1.229446e+00	5.000000e+00	8.381620e-05	-4.336809e-19	-4.336809e-19
8.391609999999948e-05	1.227286e+00	5.000000e+00	8.391610e-05	1.172628e-19	1.172628e-19
8.401599999999947e-05	1.225127e+00	5.000000e+00	8.401600e-05	3.252607e-19	3.252607e-19
8.411589999999947e-05	1.222969e+00	5.000000e+00	8.411590e-05	-4.540395e-20	-4.540395e-20
8.421579999999947e-05	1.220811e+00	5.000000e+00	8.421580e-05	1.147200e-18	1.147200e-18
8.431569999999946e-05	1.218655e+00	5.000000e+00	8.431570e-05	-1.147182e-18	-1.147182e-18
8.441559999999946e-05	1.216499e+00	5.000000e+00	8.441560e-05	-6.505213e-19	-6.505213e-19
8.451549999999945e-05	1.214344e+00	5.000000e+00	8.451550e-05	1.355253e-18	1.355253e-18
8.461539999999945e-05	1.212190e+00	5.000000e+00	8.461540e-05	-1.400747e-18	-1.400747e-18
8.471529999999944e-05	1.210037e+00	5.000000e+00	8.471530e-05	-7.047314e-19	-7.047314e-19
8.481519999999944e-05	1.207884e+00	5.000000e+00	8.481520e-05	1.363932e-18	1.363932e-18
8.491509999999943e-05	1.205732e+00	5.000000e+00	8.491510e-05	-1.084202e-19	-1.084202e-19
8.501499999999943e-05	1.203581e+00	5.000000e+00	8.501500e-05	1.455030e-18	1.455030e-18
8.511489999999942e-05	1.201431e+00	5.000000e+00	8.511490e-05	-1.292417e-18	-1.292417e-18
8.521479999999942e-05	1.199281e+00	5.000000e+00	8.521480e-05	-3.252607e-19	-3.252607e-19
8.531469999999942e-05	1.197133e+00	5.000000e+00	8.531470e-05	-4.336809e-19	-4.336809e-19
8.541459999999941e-05	1.194985e+00	5.000000e+00	8.541460e-05	-3.252607e-19	-3.252607e-19
8.551449999999941e-05	1.192838e+00	5.000000e+00	8.551450e-05	1.138412e-18	1.138412e-18
8.561439999999940e-05	1.190692e+00	5.000000e+00	8.561440e-05	-8.046162e-19	-8.046162e-19
8.571429999999940e-05	1.188546e+00	5.000000e+00	8.571430e-05	-3.252607e-19	-3.252607e-19
8.581419999999939e-05	1.186401e+00	5.000000e+00	8.581420e-05	4.878910e-19	4.878910e-19
8.591409999999939e-05	1.184257e+00	5.000000e+00	8.591410e-05	5.421011e-19	5.421011e-19
8.601399999999938e-05	1.182114e+00	5.000000e+00	8.601400e-05	-1.572093e-18	-1.572093e-18
8.611389999999938e-05	1.179972e+00	5.000000e+00	8.611390e-05	3.794708e-19	3.794708e-19
8.621379999999937e-05	1.177830e+00	5.000000e+00	8.621380e-05	8.757900e-19	8.757900e-19
8.631369999999937e-05	1.175689e+00	5.000000e+00	8.631370e-05	-8.589513e-19	-8.589513e-19
8.641359999999937e-05	1.173549e+00	5.000000e+00	8.641360e-05	2.084478e-19	2.084478e-19
8.651349999999936e-05	1.171410e+00	5.000000e+00	8.651350e-05	-1.075827e-18	-1.075827e-18
8.661339999999936e-05	1.169271e+00	5.000000e+00	8.661340e-05	-1.084202e-19	-1.084202e-19
8.671329999999935e-05	1.167134e+00	5.000000e+00	8.671330e-05	2.793899e-19	2.793899e-19
8.681319999999935e-05	1.164997e+00	5.000000e+00	8.681320e-05	2.168404e-19	2.168404e-19
8.691309999999934e-05	1.162860e+00	5.000000e+00	8.691310e-05	-9.757820e-19	-9.757820e-19
8.701299999999934e-05	1.160725e+00	5.000000e+00	8.701300e-05	1.618017e-18	1.618017e-18
8.711289999999933e-05	1.158590e+00	5.000000e+00	8.711290e-05	5.338325e-19	5.338325e-19
8.721279999999933e-05	1.156456e+00	5.000000e+00	8.721280e-05	3.794708e-19	3.794708e-19
8.731269999999932e-05	1.154323e+00	5.000000e+00	8.731270e-05	3.794708e-19	3.794708e-19
8.741259999999932e-05	1.152191e+00	5.000000e+00	8.741260e-05	-9.757820e-19	-9.757820e-19
8.751249999999932e-05	1.150059e+00	5.000000e+00	8.751250e-05	-8.213497e-19	-8.213497e-19
8.761239999999931e-05	1.147928e+00	5.000000e+00	8.761240e-05	1.255013e-18	1.255013e-18
8.771229999999931e-05	1.145798e+00	5.000000e+00	8.771230e-05	-1.146575e-18	-1.146575e-18
8.781219999999930e-05	1.143668e+00	5.000000e+00	8.781220e-05	-1.409463e-18	-1.409463e-18
8.791209999999930e-05	1.141540e+00	5.000000e+00	8.791210e-05	-1.084202e-19	-1.084202e-19
8.801199999999929e-05	1.139412e+00	5.000000e+00	8.801200e-05	-2.791608e-19	-2.791608e-19
8.811189999999929e-05	1.137285e+00	5.000000e+00	8.811190e-05	-1.003275e-19	-1.003275e-19
8.821179999999928e-05	1.135158e+00	5.000000e+00	8.821180e-05	-7.047314e-19	-7.047314e-19
8.831169999999928e-05	1.133032e+00	5.000000e+00	8.831170e-05	1.626303e-19	1.626303e-19
8.841159999999927e-05	1.130907e+00	5.000000e+00	8.841160e-05	-1.029992e-18	-1.029992e-18
8.851149999999927e-05	1.128783e+00	5.000000e+00	8.851150e-05	-3.874937e-19	-3.874937e-19
8.861139999999926e-05	1.126660e+00	5.000000e+00	8.861140e-05	-5.963112e-19	-5.963112e-19
8.871129999999926e-05	1.124537e+00	5.000000e+00	8.871130e-05	1.246832e-18	1.246832e-18
8.881119999999926e-05	1.122415e+00	5.000000e+00	8.881120e-05	-3.252607e-19	-3.252607e-19
8.891109999999925e-05	1.120294e+00	5.000000e+00	8.891110e-05	-4.799377e-19	-4.799377e-19
8.901099999999925e-05	1.118173e+00	5.000000e+00	8.901100e-05	1.564157e-18	1.564157e-18
8.911089999999924e-05	1.116053e+00	5.000000e+00	8.911090e-05	-2.710505e-19	-2.710505e-19
8.921079999999924e-05	1.113934e+00	5.000000e+00	8.921080e-05	4.336809e-19	4.336809e-19
8.931069999999923e-05	1.111816e+00	5.000000e+00	8.931070e-05	7.510576e-19	7.510576e-19
8.941059999999923e-05	1.109698e+00	5.000000e+00	8.941060e-05	4.800243e-19	4.800243e-19
8.951049999999922e-05	1.107581e+00	5.000000e+00	8.951050e-05	1.076353e-18	1.076353e-18
8.961039999999922e-05	1.105465e+00	5.000000e+00	8.961040e-05	1.293210e-18	1.293210e-18
8.971029999999921e-05	1.103350e+00	5.000000e+00	8.971030e-05	-1.006053e-19	-1.006053e-19
8.981019999999921e-05	1.101235e+00	5.000000e+00	8.981020e-05	1.301043e-18	1.301043e-18
8.991009999999921e-05	1.099121e+00	5.000000e+00	8.991010e-05	-1.455892e-18	-1.455892e-18
9.000999999999920e-05	1.097008e+00	5.000000e+00	9.001000e-05	1.084202e-18	1.084202e-18
9.010989999999920e-05	1.094895e+00	5.000000e+00	9.010990e-05	-2.168404e-19	-2.168404e-19
9.020979999999919e-05	1.092783e+00	5.000000e+00	9.020980e-05	1.076473e-18	1.076473e-18
9.030969999999919e-05	1.090672e+00	5.000000e+00	9.030970e-05	-1.626303e-19	-1.626303e-19
9.040959999999918e-05	1.088562e+00	5.000000e+00	9.040960e-05	9.215718e-19	9.215718e-19
9.050949999999918e-05	1.086452e+00	5.000000e+00	9.050950e-05	-3.252607e-19	-3.252607e-19
9.060939999999917e-05	1.084343e+00	5.000000e+00	9.060940e-05	-1.007598e-19	-1.007598e-19
9.070929999999917e-05	1.082235e+00	5.000000e+00	9.070930e-05	7.643281e-21	7.643281e-21
9.080919999999916e-05	1.080127e+00	5.000000e+00	9.080920e-05	6.971052e-19	6.971052e-19
9.090909999999916e-05	1.078020e+00	5.000000e+00	9.090910e-05	-1.564484e-18	-1.564484e-18
9.100899999999916e-05	1.075914e+00	5.000000e+00	9.100900e-05	1.463673e-18	1.463673e-18
9.110889999999915e-05	1.073809e+00	5.000000e+00	9.110890e-05	1.185047e-18	1.185047e-18
9.120879999999915e-05	1.071704e+00	5.000000e+00	9.120880e-05	-1.008621e-19	-1.008621e-19
9.130869999999914e-05	1.069600e+00	5.000000e+00	9.130870e-05	1.517883e-18	1.517883e-18
9.140859999999914e-05	1.067497e+00	5.000000e+00	9.140860e-05	-2.710505e-19	-2.710505e-19
9.150849999999913e-05	1.065394e+00	5.000000e+00	9.150850e-05	1.701375e-19	1.701375e-19
9.160839999999913e-05	1.063292e+00	5.000000e+00	9.160840e-05	-1.246832e-18	-1.246832e-18
9.170829999999912e-05	1.061191e+00	5.000000e+00	9.170830e-05	-1.463673e-18	-1.463673e-18
9.180819999999912e-05	1.059090e+00	5.000000e+00	9.180820e-05	-2.785069e-19	-2.785069e-19
9.190809999999911e-05	1.056991e+00	5.000000e+00	9.190810e-05	-1.355253e-18	-1.355253e-18
9.200799999999911e-05	1.054892e+00	5.000000e+00	9.200800e-05	-5.421011e-20	-5.421011e-20
9.210789999999911e-05	1.052793e+00	5.000000e+00	9.210790e-05	-2.094348e-19	-2.094348e-19
9.220779999999910e-05	1.050695e+00	5.000000e+00	9.220780e-05	1.517883e-18	1.517883e-18
9.230769999999910e-05	1.048598e+00	5.000000e+00	9.230770e-05	8.747337e-19	8.747337e-19
9.240759999999909e-05	1.046502e+00	5.000000e+00	9.240760e-05	-1.246832e-18	-1.246832e-18
9.250749999999909e-05	1.044406e+00	5.000000e+00	9.250750e-05	1.572093e-18	1.572093e-18
9.260739999999908e-05	1.042311e+00	5.000000e+00	9.260740e-05	-4.336809e-19	-4.336809e-19
9.270729999999908e-05	1.040217e+00	5.000000e+00	9.270730e-05	-7.047314e-19	-7.047314e-19
9.280719999999907e-05	1.038123e+00	5.000000e+00	9.280720e-05	9.830699e-19	9.830699e-19
9.290709999999907e-05	1.036030e+00	5.000000e+00	9.290710e-05	1.084202e-18	1.084202e-18
9.300699999999906e-05	1.033938e+00	5.000000e+00	9.300700e-05	1.698848e-19	1.698848e-19
9.310689999999906e-05	1.031847e+00	5.000000e+00	9.310690e-05	7.237774e-21	7.237774e-21
9.320679999999905e-05	1.029756e+00	5.000000e+00	9.320680e-05	-1.145633e-18	-1.145633e-18
9.330669999999905e-05	1.027665e+00	5.000000e+00	9.330670e-05	-6.141448e-20	-6.141448e-20
9.340659999999905e-05	1.025576e+00	5.000000e+00	9.340660e-05	1.012325e-19	1.012325e-19
9.350649999999904e-05	1.023487e+00	5.000000e+00	9.350650e-05	1.626303e-19	1.626303e-19
9.360639999999904e-05	1.021399e+00	5.000000e+00	9.360640e-05	-3.181063e-19	-3.181063e-19
9.370629999999903e-05	1.019311e+00	5.000000e+00	9.370630e-05	-7.137758e-21	-7.137758e-21
9.380619999999903e-05	1.017225e+00	5.000000e+00	9.380620e-05	9.215718e-19	9.215718e-19
9.390609999999902e-05	1.015138e+00	5.000000e+00	9.390610e-05	-8.131516e-19	-8.131516e-19
9.400599999999902e-05	1.013053e+00	5.000000e+00	9.400600e-05	-2.168404e-19	-2.168404e-19
9.410589999999901e-05	1.010968e+00	5.000000e+00	9.410590e-05	-5.350297e-19	-5.350297e-19
9.420579999999901e-05	1.008884e+00	5.000000e+00	9.420580e-05	1.029992e-18	1.029992e-18
9.430569999999900e-05	1.006800e+00	5.000000e+00	9.430570e-05	-4.949293e-19	-4.949293e-19
9.440559999999900e-05	1.004718e+00	5.000000e+00	9.440560e-05	1.348231e-18	1.348231e-18
9.450549999999900e-05	1.002635e+00	5.000000e+00	9.450550e-05	-5.421011e-19	-5.421011e-19
9.460539999999899e-05	1.000554e+00	5.000000e+00	9.460540e-05	1.014315e-19	1.014315e-19
9.470529999999899e-05	9.984730e-01	5.000000e+00	9.470530e-05	1.626303e-19	1.626303e-19
9.480519999999898e-05	9.963928e-01	5.000000e+00	9.480520e-05	-8.673617e-19	-8.673617e-19
9.490509999999898e-05	9.943134e-01	5.000000e+00	9.490510e-05	4.809517e-19	4.809517e-19
9.500499999999897e-05	9.922345e-01	5.000000e+00	9.500500e-05	6.435984e-19	6.435984e-19
9.510489999999897e-05	9.901563e-01	5.000000e+00	9.510490e-05	7.589415e-19	7.589415e-19
9.520479999999896e-05	9.880788e-01	5.000000e+00	9.520480e-05	-3.321507e-19	-3.321507e-19
9.530469999999896e-05	9.860018e-01	5.000000e+00	9.530470e-05	-1.355253e-18	-1.355253e-18
9.540459999999895e-05	9.839256e-01	5.000000e+00	9.540460e-05	8.605045e-19	8.605045e-19
9.550449999999895e-05	9.818500e-01	5.000000e+00	9.550450e-05	-1.192622e-18	-1.192622e-18
9.560439999999895e-05	9.797751e-01	5.000000e+00	9.560440e-05	1.077378e-18	1.077378e-18
9.570429999999894e-05	9.777008e-01	5.000000e+00	9.570430e-05	3.862789e-19	3.862789e-19
9.580419999999894e-05	9.756272e-01	5.000000e+00	9.580420e-05	9.215718e-19	9.215718e-19
9.590409999999893e-05	9.735543e-01	5.000000e+00	9.590410e-05	1.151958e-19	1.151958e-19
9.600399999999893e-05	9.714819e-01	5.000000e+00	9.600400e-05	1.626303e-19	1.626303e-19
9.610389999999892e-05	9.694102e-01	5.000000e+00	9.610390e-05	-5.421011e-19	-5.421011e-19
9.620379999999892e-05	9.673392e-01	5.000000e+00	9.620380e-05	4.336809e-19	4.336809e-19
9.630369999999891e-05	9.652688e-01	5.000000e+00	9.630370e-05	2.168404e-19	2.168404e-19
9.640359999999891e-05	9.631990e-01	5.000000e+00	9.640360e-05	4.878910e-19	4.878910e-19
9.650349999999890e-05	9.611299e-01	5.000000e+00	9.650350e-05	1.402785e-18	1.402785e-18
9.660339999999890e-05	9.590614e-01	5.000000e+00	9.660340e-05	-3.319224e-19	-3.319224e-19
9.670329999999890e-05	9.569936e-01	5.000000e+00	9.670330e-05	5.421011e-20	5.421011e-20
9.680319999999889e-05	9.549264e-01	5.000000e+00	9.680320e-05	-1.084202e-19	-1.084202e-19
9.690309999999889e-05	9.528599e-01	5.000000e+00	9.690310e-05	1.036605e-18	1.036605e-18
9.700299999999888e-05	9.507939e-01	5.000000e+00	9.700300e-05	-6.080714e-20	-6.080714e-20
9.710289999999888e-05	9.487286e-01	5.000000e+00	9.710290e-05	4.878910e-19	4.878910e-19
9.720279999999887e-05	9.466640e-01	5.000000e+00	9.720280e-05	-3.729060e-19	-3.729060e-19
9.730269999999887e-05	9.446000e-01	5.000000e+00	9.730270e-05	-9.823306e-19	-9.823306e-19
9.740259999999886e-05	9.425366e-01	5.000000e+00	9.740260e-05	1.029992e-18	1.029992e-18
9.750249999999886e-05	9.404739e-01	5.000000e+00	9.750250e-05	1.084202e-18	1.084202e-18
9.760239999999885e-05	9.384117e-01	5.000000e+00	9.760240e-05	1.691307e-19	1.691307e-19
9.770229999999885e-05	9.363502e-01	5.000000e+00	9.770230e-05	1.131928e-18	1.131928e-18
9.780219999999884e-05	9.342893e-01	5.000000e+00	9.780220e-05	6.505213e-19	6.505213e-19
9.790209999999884e-05	9.322291e-01	5.000000e+00	9.790210e-05	-1.253285e-18	-1.253285e-18
9.800199999999884e-05	9.301695e-01	5.000000e+00	9.800200e-05	-8.673617e-19	-8.673617e-19
9.810189999999883e-05	9.281105e-01	5.000000e+00	9.810190e-05	1.301043e-18	1.301043e-18
9.820179999999883e-05	9.260521e-01	5.000000e+00	9.820180e-05	1.619899e-18	1.619899e-18
9.830169999999882e-05	9.239944e-01	5.000000e+00	9.830170e-05	-5.421011e-19	-5.421011e-19
9.840159999999882e-05	9.219372e-01	5.000000e+00	9.840160e-05	-1.301043e-18	-1.301043e-18
9.850149999999881e-05	9.198807e-01	5.000000e+00	9.850150e-05	1.084202e-19	1.084202e-19
9.860139999999881e-05	9.178249e-01	5.000000e+00	9.860140e-05	-1.562899e-19	-1.562899e-19
9.870129999999880e-05	9.157696e-01	5.000000e+00	9.870130e-05	9.757820e-19	9.757820e-19
9.880119999999880e-05	9.137149e-01	5.000000e+00	9.880120e-05	-3.252607e-19	-3.252607e-19
9.890109999999879e-05	9.116609e-01	5.000000e+00	9.890110e-05	1.626303e-19	1.626303e-19
9.900099999999879e-05	9.096075e-01	5.000000e+00	9.900100e-05	1.084202e-19	1.084202e-19
9.910089999999879e-05	9.075547e-01	5.000000e+00	9.910090e-05	1.301043e-18	1.301043e-18
9.920079999999878e-05	9.055025e-01	5.000000e+00	9.920080e-05	-1.029992e-18	-1.029992e-18
9.930069999999878e-05	9.034509e-01	5.000000e+00	9.930070e-05	-1.307272e-18	-1.307272e-18
9.940059999999877e-05	9.013999e-01	5.000000e+00	9.940060e-05	1.403249e-18	1.403249e-18
9.950049999999877e-05	8.993496e-01	5.000000e+00	9.950050e-05	-8.735593e-19	-8.735593e-19
9.960039999999876e-05	8.972998e-01	5.000000e+00	9.960040e-05	-1.132231e-18	-1.132231e-18
9.970029999999876e-05	8.952507e-01	5.000000e+00	9.970030e-05	4.336809e-19	4.336809e-19
9.980019999999875e-05	8.932021e-01	5.000000e+00	9.980020e-05	-8.131516e-19	-8.131516e-19
9.990009999999875e-05	8.911542e-01	5.000000e+00	9.990010e-05	7.047314e-19	7.047314e-19
1.000000000000000e-04	8.891069e-01	5.000000e+00	1.000000e-04	-1.144531e-18	-1.144531e-18
