vdm	Ix(M1:DRAIN)	Ix(M2:SOURCE)
-2.000000000000000e-01	-7.690801e-13	-1.525109e-12
-1.996000000000000e-01	-7.691266e-13	-1.525019e-12
-1.992000000000000e-01	-7.691740e-13	-1.524978e-12
-1.988000000000000e-01	-7.692218e-13	-1.524937e-12
-1.984000000000000e-01	-7.692701e-13	-1.524895e-12
-1.980000000000000e-01	-7.693188e-13	-1.524853e-12
-1.975999999999999e-01	-7.693680e-13	-1.524811e-12
-1.971999999999999e-01	-7.694176e-13	-1.524768e-12
-1.967999999999999e-01	-7.694677e-13	-1.524724e-12
-1.963999999999999e-01	-7.695183e-13	-1.524681e-12
-1.959999999999999e-01	-7.695693e-13	-1.524636e-12
-1.955999999999999e-01	-7.696209e-13	-1.524592e-12
-1.951999999999999e-01	-7.696728e-13	-1.524547e-12
-1.947999999999999e-01	-7.697253e-13	-1.524501e-12
-1.943999999999999e-01	-7.697783e-13	-1.524456e-12
-1.939999999999998e-01	-7.698318e-13	-1.524409e-12
-1.935999999999998e-01	-7.698858e-13	-1.524363e-12
-1.931999999999998e-01	-7.699403e-13	-1.524316e-12
-1.927999999999998e-01	-7.699953e-13	-1.524268e-12
-1.923999999999998e-01	-7.700508e-13	-1.524220e-12
-1.919999999999998e-01	-7.701069e-13	-1.524172e-12
-1.915999999999998e-01	-7.701634e-13	-1.524123e-12
-1.911999999999998e-01	-7.702205e-13	-1.524073e-12
-1.907999999999997e-01	-7.702782e-13	-1.524023e-12
-1.903999999999997e-01	-7.703363e-13	-1.523973e-12
-1.899999999999997e-01	-7.703951e-13	-1.523922e-12
-1.895999999999997e-01	-7.704543e-13	-1.523871e-12
-1.891999999999997e-01	-7.705142e-13	-1.523819e-12
-1.887999999999997e-01	-7.705746e-13	-1.523767e-12
-1.883999999999997e-01	-7.706356e-13	-1.523714e-12
-1.879999999999997e-01	-7.706971e-13	-1.523661e-12
-1.875999999999997e-01	-7.707593e-13	-1.523607e-12
-1.871999999999996e-01	-7.708220e-13	-1.523553e-12
-1.867999999999996e-01	-7.708853e-13	-1.523498e-12
-1.863999999999996e-01	-7.709492e-13	-1.523443e-12
-1.859999999999996e-01	-7.710137e-13	-1.523387e-12
-1.855999999999996e-01	-7.710789e-13	-1.523331e-12
-1.851999999999996e-01	-7.711446e-13	-1.523274e-12
-1.847999999999996e-01	-7.712110e-13	-1.523217e-12
-1.843999999999996e-01	-7.712780e-13	-1.523159e-12
-1.839999999999996e-01	-7.713456e-13	-1.523100e-12
-1.835999999999995e-01	-7.714139e-13	-1.523041e-12
-1.831999999999995e-01	-7.714828e-13	-1.522982e-12
-1.827999999999995e-01	-7.715524e-13	-1.522922e-12
-1.823999999999995e-01	-7.716226e-13	-1.522861e-12
-1.819999999999995e-01	-7.716935e-13	-1.522799e-12
-1.815999999999995e-01	-7.717650e-13	-1.522738e-12
-1.811999999999995e-01	-7.718373e-13	-1.522675e-12
-1.807999999999995e-01	-7.719103e-13	-1.522612e-12
-1.803999999999994e-01	-7.719839e-13	-1.522549e-12
-1.799999999999994e-01	-7.720582e-13	-1.522484e-12
-1.795999999999994e-01	-7.721332e-13	-1.522419e-12
-1.791999999999994e-01	-7.722090e-13	-1.522354e-12
-1.787999999999994e-01	-7.722854e-13	-1.522288e-12
-1.783999999999994e-01	-7.723626e-13	-1.522221e-12
-1.779999999999994e-01	-7.724405e-13	-1.522154e-12
-1.775999999999994e-01	-7.725192e-13	-1.522086e-12
-1.771999999999994e-01	-7.725986e-13	-1.522017e-12
-1.767999999999993e-01	-7.726788e-13	-1.521948e-12
-1.763999999999993e-01	-7.727597e-13	-1.521878e-12
-1.759999999999993e-01	-7.728414e-13	-1.521807e-12
-1.755999999999993e-01	-7.729239e-13	-1.521736e-12
-1.751999999999993e-01	-7.730072e-13	-1.521664e-12
-1.747999999999993e-01	-7.730912e-13	-1.521591e-12
-1.743999999999993e-01	-7.731761e-13	-1.521518e-12
-1.739999999999993e-01	-7.732618e-13	-1.521444e-12
-1.735999999999993e-01	-7.733483e-13	-1.521369e-12
-1.731999999999992e-01	-7.734356e-13	-1.521294e-12
-1.727999999999992e-01	-7.735237e-13	-1.521217e-12
-1.723999999999992e-01	-7.736127e-13	-1.521140e-12
-1.719999999999992e-01	-7.737026e-13	-1.521063e-12
-1.715999999999992e-01	-7.737932e-13	-1.520984e-12
-1.711999999999992e-01	-7.738848e-13	-1.520905e-12
-1.707999999999992e-01	-7.739773e-13	-1.520825e-12
-1.703999999999992e-01	-7.740706e-13	-1.520744e-12
-1.699999999999992e-01	-7.741648e-13	-1.520663e-12
-1.695999999999991e-01	-7.742599e-13	-1.520581e-12
-1.691999999999991e-01	-7.743559e-13	-1.520498e-12
-1.687999999999991e-01	-7.744529e-13	-1.520414e-12
-1.683999999999991e-01	-7.745508e-13	-1.520330e-12
-1.679999999999991e-01	-7.746496e-13	-1.520244e-12
-1.675999999999991e-01	-7.747494e-13	-1.520158e-12
-1.671999999999991e-01	-7.748501e-13	-1.520071e-12
-1.667999999999991e-01	-7.749517e-13	-1.519983e-12
-1.663999999999990e-01	-7.750544e-13	-1.519894e-12
-1.659999999999990e-01	-7.751580e-13	-1.519805e-12
-1.655999999999990e-01	-7.752627e-13	-1.519714e-12
-1.651999999999990e-01	-7.753683e-13	-1.519623e-12
-1.647999999999990e-01	-7.754749e-13	-1.519531e-12
-1.643999999999990e-01	-7.755826e-13	-1.519438e-12
-1.639999999999990e-01	-7.756913e-13	-1.519344e-12
-1.635999999999990e-01	-7.758010e-13	-1.519249e-12
-1.631999999999990e-01	-7.759118e-13	-1.519154e-12
-1.627999999999989e-01	-7.760237e-13	-1.519057e-12
-1.623999999999989e-01	-7.761366e-13	-1.518959e-12
-1.619999999999989e-01	-7.762506e-13	-1.518861e-12
-1.615999999999989e-01	-7.763657e-13	-1.518761e-12
-1.611999999999989e-01	-7.764819e-13	-1.518661e-12
-1.607999999999989e-01	-7.765992e-13	-1.518559e-12
-1.603999999999989e-01	-7.767177e-13	-1.518457e-12
-1.599999999999989e-01	-7.768373e-13	-1.518354e-12
-1.595999999999989e-01	-7.769580e-13	-1.518250e-12
-1.591999999999988e-01	-7.770800e-13	-1.518144e-12
-1.587999999999988e-01	-7.772030e-13	-1.518038e-12
-1.583999999999988e-01	-7.773273e-13	-1.517930e-12
-1.579999999999988e-01	-7.774527e-13	-1.517822e-12
-1.575999999999988e-01	-7.775793e-13	-1.517713e-12
-1.571999999999988e-01	-7.777072e-13	-1.517602e-12
-1.567999999999988e-01	-7.778363e-13	-1.517491e-12
-1.563999999999988e-01	-7.779667e-13	-1.517378e-12
-1.559999999999988e-01	-7.780983e-13	-1.517264e-12
-1.555999999999987e-01	-7.782312e-13	-1.517150e-12
-1.551999999999987e-01	-7.783653e-13	-1.517034e-12
-1.547999999999987e-01	-7.785007e-13	-1.516917e-12
-1.543999999999987e-01	-7.786375e-13	-1.516799e-12
-1.539999999999987e-01	-7.787755e-13	-1.516679e-12
-1.535999999999987e-01	-7.789149e-13	-1.516559e-12
-1.531999999999987e-01	-7.790556e-13	-1.516437e-12
-1.527999999999987e-01	-7.791977e-13	-1.516315e-12
-1.523999999999986e-01	-7.793411e-13	-1.516191e-12
-1.519999999999986e-01	-7.794860e-13	-1.516066e-12
-1.515999999999986e-01	-7.796322e-13	-1.515940e-12
-1.511999999999986e-01	-7.797798e-13	-1.515812e-12
-1.507999999999986e-01	-7.799289e-13	-1.515683e-12
-1.503999999999986e-01	-7.800793e-13	-1.515554e-12
-1.499999999999986e-01	-7.802312e-13	-1.515422e-12
-1.495999999999986e-01	-7.803847e-13	-1.515290e-12
-1.491999999999986e-01	-7.805395e-13	-1.515156e-12
-1.487999999999985e-01	-7.806959e-13	-1.515021e-12
-1.483999999999985e-01	-7.808538e-13	-1.514885e-12
-1.479999999999985e-01	-7.810132e-13	-1.514747e-12
-1.475999999999985e-01	-7.811741e-13	-1.514608e-12
-1.471999999999985e-01	-7.813366e-13	-1.514468e-12
-1.467999999999985e-01	-7.815006e-13	-1.514326e-12
-1.463999999999985e-01	-7.816662e-13	-1.514183e-12
-1.459999999999985e-01	-7.818335e-13	-1.514039e-12
-1.455999999999985e-01	-7.820023e-13	-1.513893e-12
-1.451999999999984e-01	-7.821727e-13	-1.513746e-12
-1.447999999999984e-01	-7.823448e-13	-1.513597e-12
-1.443999999999984e-01	-7.825186e-13	-1.513447e-12
-1.439999999999984e-01	-7.826940e-13	-1.513296e-12
-1.435999999999984e-01	-7.828712e-13	-1.513143e-12
-1.431999999999984e-01	-7.830500e-13	-1.512989e-12
-1.427999999999984e-01	-7.832305e-13	-1.512833e-12
-1.423999999999984e-01	-7.834128e-13	-1.512676e-12
-1.419999999999983e-01	-7.835969e-13	-1.512517e-12
-1.415999999999983e-01	-7.837827e-13	-1.512356e-12
-1.411999999999983e-01	-7.839703e-13	-1.512195e-12
-1.407999999999983e-01	-7.841597e-13	-1.512031e-12
-1.403999999999983e-01	-7.843509e-13	-1.511866e-12
-1.399999999999983e-01	-7.845440e-13	-1.511699e-12
-1.395999999999983e-01	-7.847390e-13	-1.511531e-12
-1.391999999999983e-01	-7.849358e-13	-1.511361e-12
-1.387999999999983e-01	-7.851345e-13	-1.511190e-12
-1.383999999999982e-01	-7.853351e-13	-1.511017e-12
-1.379999999999982e-01	-7.855377e-13	-1.510842e-12
-1.375999999999982e-01	-7.857422e-13	-1.510666e-12
-1.371999999999982e-01	-7.859487e-13	-1.510487e-12
-1.367999999999982e-01	-7.861571e-13	-1.510307e-12
-1.363999999999982e-01	-7.863676e-13	-1.510126e-12
-1.359999999999982e-01	-7.865801e-13	-1.509943e-12
-1.355999999999982e-01	-7.867946e-13	-1.509758e-12
-1.351999999999982e-01	-7.870112e-13	-1.509571e-12
-1.347999999999981e-01	-7.872299e-13	-1.509382e-12
-1.343999999999981e-01	-7.874507e-13	-1.509192e-12
-1.339999999999981e-01	-7.876736e-13	-1.509000e-12
-1.335999999999981e-01	-7.878987e-13	-1.508805e-12
-1.331999999999981e-01	-7.881259e-13	-1.508609e-12
-1.327999999999981e-01	-7.883553e-13	-1.508411e-12
-1.323999999999981e-01	-7.885869e-13	-1.508212e-12
-1.319999999999981e-01	-7.888208e-13	-1.508010e-12
-1.315999999999981e-01	-7.890569e-13	-1.507806e-12
-1.311999999999980e-01	-7.892952e-13	-1.507601e-12
-1.307999999999980e-01	-7.895358e-13	-1.507394e-12
-1.303999999999980e-01	-7.897788e-13	-1.507184e-12
-1.299999999999980e-01	-7.900241e-13	-1.506973e-12
-1.295999999999980e-01	-7.902717e-13	-1.506759e-12
-1.291999999999980e-01	-7.905217e-13	-1.506543e-12
-1.287999999999980e-01	-7.907741e-13	-1.506326e-12
-1.283999999999980e-01	-7.910290e-13	-1.506106e-12
-1.279999999999979e-01	-7.912863e-13	-1.505885e-12
-1.275999999999979e-01	-7.915460e-13	-1.505661e-12
-1.271999999999979e-01	-7.918082e-13	-1.505434e-12
-1.267999999999979e-01	-7.920730e-13	-1.505207e-12
-1.263999999999979e-01	-7.923403e-13	-1.504976e-12
-1.259999999999979e-01	-7.926101e-13	-1.504743e-12
-1.255999999999979e-01	-7.928825e-13	-1.504509e-12
-1.251999999999979e-01	-7.931575e-13	-1.504272e-12
-1.247999999999979e-01	-7.934352e-13	-1.504032e-12
-1.243999999999979e-01	-7.937155e-13	-1.503791e-12
-1.239999999999979e-01	-7.939985e-13	-1.503547e-12
-1.235999999999979e-01	-7.942842e-13	-1.503301e-12
-1.231999999999979e-01	-7.945727e-13	-1.503052e-12
-1.227999999999979e-01	-7.948639e-13	-1.502802e-12
-1.223999999999979e-01	-7.951579e-13	-1.502548e-12
-1.219999999999979e-01	-7.954546e-13	-1.502293e-12
-1.215999999999979e-01	-7.957543e-13	-1.502034e-12
-1.211999999999979e-01	-7.960567e-13	-1.501774e-12
-1.207999999999979e-01	-7.963621e-13	-1.501511e-12
-1.203999999999979e-01	-7.966704e-13	-1.501245e-12
-1.199999999999979e-01	-7.969816e-13	-1.500977e-12
-1.195999999999979e-01	-7.972958e-13	-1.500707e-12
-1.191999999999979e-01	-7.976130e-13	-1.500434e-12
-1.187999999999979e-01	-7.979332e-13	-1.500158e-12
-1.183999999999979e-01	-7.982564e-13	-1.499880e-12
-1.179999999999979e-01	-7.985827e-13	-1.499599e-12
-1.175999999999979e-01	-7.989121e-13	-1.499315e-12
-1.171999999999979e-01	-7.992447e-13	-1.499029e-12
-1.167999999999979e-01	-7.995804e-13	-1.498740e-12
-1.163999999999979e-01	-7.999193e-13	-1.498448e-12
-1.159999999999979e-01	-8.002614e-13	-1.498153e-12
-1.155999999999979e-01	-8.006068e-13	-1.497856e-12
-1.151999999999979e-01	-8.009554e-13	-1.497556e-12
-1.147999999999979e-01	-8.013073e-13	-1.497253e-12
-1.143999999999979e-01	-8.016626e-13	-1.496947e-12
-1.139999999999979e-01	-8.020213e-13	-1.496639e-12
-1.135999999999979e-01	-8.023833e-13	-1.496327e-12
-1.131999999999979e-01	-8.027488e-13	-1.496013e-12
-1.127999999999979e-01	-8.031177e-13	-1.495695e-12
-1.123999999999979e-01	-8.034901e-13	-1.495375e-12
-1.119999999999979e-01	-8.038660e-13	-1.495052e-12
-1.115999999999980e-01	-8.042455e-13	-1.494725e-12
-1.111999999999980e-01	-8.046285e-13	-1.494396e-12
-1.107999999999980e-01	-8.050152e-13	-1.494063e-12
-1.103999999999980e-01	-8.054054e-13	-1.493728e-12
-1.099999999999980e-01	-8.057994e-13	-1.493389e-12
-1.095999999999980e-01	-8.061971e-13	-1.493047e-12
-1.091999999999980e-01	-8.065985e-13	-1.492702e-12
-1.087999999999980e-01	-8.070038e-13	-1.492353e-12
-1.083999999999980e-01	-8.074127e-13	-1.492002e-12
-1.079999999999980e-01	-8.078256e-13	-1.491647e-12
-1.075999999999980e-01	-8.082423e-13	-1.491289e-12
-1.071999999999980e-01	-8.086629e-13	-1.490927e-12
-1.067999999999980e-01	-8.090875e-13	-1.490562e-12
-1.063999999999980e-01	-8.095161e-13	-1.490194e-12
-1.059999999999980e-01	-8.099486e-13	-1.489822e-12
-1.055999999999980e-01	-8.103852e-13	-1.489447e-12
-1.051999999999980e-01	-8.108259e-13	-1.489068e-12
-1.047999999999980e-01	-8.112707e-13	-1.488686e-12
-1.043999999999980e-01	-8.117196e-13	-1.488300e-12
-1.039999999999980e-01	-8.121728e-13	-1.487911e-12
-1.035999999999980e-01	-8.126301e-13	-1.487518e-12
-1.031999999999980e-01	-8.130917e-13	-1.487122e-12
-1.027999999999980e-01	-8.135576e-13	-1.486721e-12
-1.023999999999980e-01	-8.140278e-13	-1.486318e-12
-1.019999999999980e-01	-8.145024e-13	-1.485910e-12
-1.015999999999980e-01	-8.149814e-13	-1.485499e-12
-1.011999999999980e-01	-8.154648e-13	-1.485084e-12
-1.007999999999980e-01	-8.159527e-13	-1.484665e-12
-1.003999999999980e-01	-8.164452e-13	-1.484242e-12
-9.999999999999802e-02	-8.169422e-13	-1.483815e-12
-9.959999999999802e-02	-8.174437e-13	-1.483385e-12
-9.919999999999803e-02	-8.179499e-13	-1.482950e-12
-9.879999999999803e-02	-8.184608e-13	-1.482512e-12
-9.839999999999803e-02	-8.189763e-13	-1.482069e-12
-9.799999999999803e-02	-8.194967e-13	-1.481623e-12
-9.759999999999804e-02	-8.200218e-13	-1.481172e-12
-9.719999999999804e-02	-8.205517e-13	-1.480718e-12
-9.679999999999804e-02	-8.210865e-13	-1.480259e-12
-9.639999999999804e-02	-8.216262e-13	-1.479796e-12
-9.599999999999805e-02	-8.221708e-13	-1.479329e-12
-9.559999999999805e-02	-8.227204e-13	-1.478858e-12
-9.519999999999805e-02	-8.232751e-13	-1.478382e-12
-9.479999999999805e-02	-8.238348e-13	-1.477902e-12
-9.439999999999805e-02	-8.243996e-13	-1.477418e-12
-9.399999999999806e-02	-8.249695e-13	-1.476929e-12
-9.359999999999806e-02	-8.255447e-13	-1.476436e-12
-9.319999999999806e-02	-8.261250e-13	-1.475939e-12
-9.279999999999806e-02	-8.267107e-13	-1.475437e-12
-9.239999999999807e-02	-8.273017e-13	-1.474931e-12
-9.199999999999807e-02	-8.278979e-13	-1.474420e-12
-9.159999999999807e-02	-8.284996e-13	-1.473904e-12
-9.119999999999807e-02	-8.291068e-13	-1.473384e-12
-9.079999999999808e-02	-8.297194e-13	-1.472859e-12
-9.039999999999808e-02	-8.303375e-13	-1.472330e-12
-8.999999999999808e-02	-8.309612e-13	-1.471796e-12
-8.959999999999808e-02	-8.315905e-13	-1.471257e-12
-8.919999999999809e-02	-8.322255e-13	-1.470714e-12
-8.879999999999809e-02	-8.328662e-13	-1.470165e-12
-8.839999999999809e-02	-8.335126e-13	-1.469612e-12
-8.799999999999809e-02	-8.341647e-13	-1.469054e-12
-8.759999999999810e-02	-8.348228e-13	-1.468490e-12
-8.719999999999810e-02	-8.354866e-13	-1.467922e-12
-8.679999999999810e-02	-8.361564e-13	-1.467349e-12
-8.639999999999810e-02	-8.368322e-13	-1.466771e-12
-8.599999999999811e-02	-8.375139e-13	-1.466188e-12
-8.559999999999811e-02	-8.382017e-13	-1.465600e-12
-8.519999999999811e-02	-8.388956e-13	-1.465007e-12
-8.479999999999811e-02	-8.395957e-13	-1.464408e-12
-8.439999999999812e-02	-8.403019e-13	-1.463804e-12
-8.399999999999812e-02	-8.410144e-13	-1.463195e-12
-8.359999999999812e-02	-8.417331e-13	-1.462581e-12
-8.319999999999812e-02	-8.424581e-13	-1.461961e-12
-8.279999999999813e-02	-8.431895e-13	-1.461336e-12
-8.239999999999813e-02	-8.439274e-13	-1.460706e-12
-8.199999999999813e-02	-8.446717e-13	-1.460070e-12
-8.159999999999813e-02	-8.454224e-13	-1.459428e-12
-8.119999999999813e-02	-8.461797e-13	-1.458782e-12
-8.079999999999814e-02	-8.469437e-13	-1.458129e-12
-8.039999999999814e-02	-8.477142e-13	-1.457471e-12
-7.999999999999814e-02	-8.484915e-13	-1.456808e-12
-7.959999999999814e-02	-8.492755e-13	-1.456138e-12
-7.919999999999815e-02	-8.500662e-13	-1.455463e-12
-7.879999999999815e-02	-8.508638e-13	-1.454783e-12
-7.839999999999815e-02	-8.516683e-13	-1.454097e-12
-7.799999999999815e-02	-8.524797e-13	-1.453404e-12
-7.759999999999816e-02	-8.532981e-13	-1.452706e-12
-7.719999999999816e-02	-8.541235e-13	-1.452002e-12
-7.679999999999816e-02	-8.549559e-13	-1.451292e-12
-7.639999999999816e-02	-8.557954e-13	-1.450577e-12
-7.599999999999817e-02	-8.566421e-13	-1.449855e-12
-7.559999999999817e-02	-8.574960e-13	-1.449127e-12
-7.519999999999817e-02	-8.583571e-13	-1.448393e-12
-7.479999999999817e-02	-8.592256e-13	-1.447653e-12
-7.439999999999818e-02	-8.601014e-13	-1.446907e-12
-7.399999999999818e-02	-8.609845e-13	-1.446155e-12
-7.359999999999818e-02	-8.618752e-13	-1.445396e-12
-7.319999999999818e-02	-8.627732e-13	-1.444632e-12
-7.279999999999819e-02	-8.636789e-13	-1.443860e-12
-7.239999999999819e-02	-8.645920e-13	-1.443083e-12
-7.199999999999819e-02	-8.655129e-13	-1.442300e-12
-7.159999999999819e-02	-8.664414e-13	-1.441509e-12
-7.119999999999820e-02	-8.673776e-13	-1.440713e-12
-7.079999999999820e-02	-8.683216e-13	-1.439910e-12
-7.039999999999820e-02	-8.692733e-13	-1.439100e-12
-6.999999999999820e-02	-8.702330e-13	-1.438284e-12
-6.959999999999820e-02	-8.712006e-13	-1.437462e-12
-6.919999999999821e-02	-8.721761e-13	-1.436633e-12
-6.879999999999821e-02	-8.731595e-13	-1.435797e-12
-6.839999999999821e-02	-8.741511e-13	-1.434954e-12
-6.799999999999821e-02	-8.751507e-13	-1.434105e-12
-6.759999999999822e-02	-8.761585e-13	-1.433249e-12
-6.719999999999822e-02	-8.771744e-13	-1.432386e-12
-6.679999999999822e-02	-8.781986e-13	-1.431517e-12
-6.639999999999822e-02	-8.792310e-13	-1.430640e-12
-6.599999999999823e-02	-8.802718e-13	-1.429757e-12
-6.559999999999823e-02	-8.813209e-13	-1.428867e-12
-6.519999999999823e-02	-8.823784e-13	-1.427970e-12
-6.479999999999823e-02	-8.834444e-13	-1.427065e-12
-6.439999999999824e-02	-8.845189e-13	-1.426154e-12
-6.399999999999824e-02	-8.856019e-13	-1.425236e-12
-6.359999999999824e-02	-8.866934e-13	-1.424311e-12
-6.319999999999824e-02	-8.877937e-13	-1.423378e-12
-6.279999999999825e-02	-8.889026e-13	-1.422439e-12
-6.239999999999825e-02	-8.900202e-13	-1.421492e-12
-6.199999999999825e-02	-8.911465e-13	-1.420538e-12
-6.159999999999825e-02	-8.922817e-13	-1.419577e-12
-6.119999999999826e-02	-8.934257e-13	-1.418608e-12
-6.079999999999826e-02	-8.945786e-13	-1.417633e-12
-6.039999999999826e-02	-8.957405e-13	-1.416650e-12
-5.999999999999826e-02	-8.969112e-13	-1.415659e-12
-5.959999999999827e-02	-8.980910e-13	-1.414661e-12
-5.919999999999827e-02	-8.992799e-13	-1.413656e-12
-5.879999999999827e-02	-9.004778e-13	-1.412643e-12
-5.839999999999827e-02	-9.016849e-13	-1.411623e-12
-5.799999999999828e-02	-9.029011e-13	-1.410595e-12
-5.759999999999828e-02	-9.041266e-13	-1.409560e-12
-5.719999999999828e-02	-9.053613e-13	-1.408518e-12
-5.679999999999828e-02	-9.066053e-13	-1.407467e-12
-5.639999999999828e-02	-9.078586e-13	-1.406409e-12
-5.599999999999829e-02	-9.091212e-13	-1.405344e-12
-5.559999999999829e-02	-9.103934e-13	-1.404270e-12
-5.519999999999829e-02	-9.116748e-13	-1.403190e-12
-5.479999999999829e-02	-9.129659e-13	-1.402101e-12
-5.439999999999830e-02	-9.142664e-13	-1.401005e-12
-5.399999999999830e-02	-9.155764e-13	-1.399901e-12
-5.359999999999830e-02	-9.168960e-13	-1.398789e-12
-5.319999999999830e-02	-9.182252e-13	-1.397669e-12
-5.279999999999831e-02	-9.195641e-13	-1.396542e-12
-5.239999999999831e-02	-9.209128e-13	-1.395406e-12
-5.199999999999831e-02	-9.222710e-13	-1.394263e-12
-5.159999999999831e-02	-9.236391e-13	-1.393113e-12
-5.119999999999832e-02	-9.250168e-13	-1.391953e-12
-5.079999999999832e-02	-9.264045e-13	-1.390787e-12
-5.039999999999832e-02	-9.278019e-13	-1.389612e-12
-4.999999999999832e-02	-9.292092e-13	-1.388429e-12
-4.959999999999833e-02	-9.306263e-13	-1.387239e-12
-4.919999999999833e-02	-9.320535e-13	-1.386040e-12
-4.879999999999833e-02	-9.334906e-13	-1.384834e-12
-4.839999999999833e-02	-9.349377e-13	-1.383619e-12
-4.799999999999834e-02	-9.363947e-13	-1.382396e-12
-4.759999999999834e-02	-9.378618e-13	-1.381166e-12
-4.719999999999834e-02	-9.393389e-13	-1.379927e-12
-4.679999999999834e-02	-9.408261e-13	-1.378681e-12
-4.639999999999835e-02	-9.423235e-13	-1.377426e-12
-4.599999999999835e-02	-9.438308e-13	-1.376163e-12
-4.559999999999835e-02	-9.453484e-13	-1.374892e-12
-4.519999999999835e-02	-9.468761e-13	-1.373613e-12
-4.479999999999836e-02	-9.484141e-13	-1.372326e-12
-4.439999999999836e-02	-9.499622e-13	-1.371031e-12
-4.399999999999836e-02	-9.515205e-13	-1.369728e-12
-4.359999999999836e-02	-9.530892e-13	-1.368417e-12
-4.319999999999836e-02	-9.546680e-13	-1.367097e-12
-4.279999999999837e-02	-9.562571e-13	-1.365770e-12
-4.239999999999837e-02	-9.578565e-13	-1.364434e-12
-4.199999999999837e-02	-9.594661e-13	-1.363091e-12
-4.159999999999837e-02	-9.610861e-13	-1.361739e-12
-4.119999999999838e-02	-9.627166e-13	-1.360379e-12
-4.079999999999838e-02	-9.643572e-13	-1.359011e-12
-4.039999999999838e-02	-9.660081e-13	-1.357635e-12
-3.999999999999838e-02	-9.676695e-13	-1.356251e-12
-3.959999999999839e-02	-9.693413e-13	-1.354858e-12
-3.919999999999839e-02	-9.710234e-13	-1.353458e-12
-3.879999999999839e-02	-9.727158e-13	-1.352049e-12
-3.839999999999839e-02	-9.744187e-13	-1.350633e-12
-3.799999999999840e-02	-9.761319e-13	-1.349208e-12
-3.759999999999840e-02	-9.778556e-13	-1.347776e-12
-3.719999999999840e-02	-9.795896e-13	-1.346335e-12
-3.679999999999840e-02	-9.813339e-13	-1.344886e-12
-3.639999999999841e-02	-9.830887e-13	-1.343430e-12
-3.599999999999841e-02	-9.848539e-13	-1.341965e-12
-3.559999999999841e-02	-9.866295e-13	-1.340492e-12
-3.519999999999841e-02	-9.884154e-13	-1.339012e-12
-3.479999999999842e-02	-9.902117e-13	-1.337523e-12
-3.439999999999842e-02	-9.920184e-13	-1.336026e-12
-3.399999999999842e-02	-9.938355e-13	-1.334522e-12
-3.359999999999842e-02	-9.956630e-13	-1.333010e-12
-3.319999999999843e-02	-9.975007e-13	-1.331489e-12
-3.279999999999843e-02	-9.993488e-13	-1.329961e-12
-3.239999999999843e-02	-1.001207e-12	-1.328426e-12
-3.199999999999843e-02	-1.003076e-12	-1.326882e-12
-3.159999999999843e-02	-1.004955e-12	-1.325331e-12
-3.119999999999843e-02	-1.006844e-12	-1.323771e-12
-3.079999999999843e-02	-1.008744e-12	-1.322205e-12
-3.039999999999843e-02	-1.010654e-12	-1.320630e-12
-2.999999999999843e-02	-1.012574e-12	-1.319048e-12
-2.959999999999843e-02	-1.014504e-12	-1.317458e-12
-2.919999999999843e-02	-1.016445e-12	-1.315861e-12
-2.879999999999843e-02	-1.018395e-12	-1.314256e-12
-2.839999999999843e-02	-1.020356e-12	-1.312643e-12
-2.799999999999843e-02	-1.022327e-12	-1.311023e-12
-2.759999999999842e-02	-1.024308e-12	-1.309396e-12
-2.719999999999842e-02	-1.026299e-12	-1.307761e-12
-2.679999999999842e-02	-1.028300e-12	-1.306119e-12
-2.639999999999842e-02	-1.030311e-12	-1.304470e-12
-2.599999999999842e-02	-1.032332e-12	-1.302813e-12
-2.559999999999842e-02	-1.034363e-12	-1.301149e-12
-2.519999999999842e-02	-1.036404e-12	-1.299478e-12
-2.479999999999842e-02	-1.038455e-12	-1.297800e-12
-2.439999999999842e-02	-1.040516e-12	-1.296115e-12
-2.399999999999841e-02	-1.042586e-12	-1.294422e-12
-2.359999999999841e-02	-1.044666e-12	-1.292723e-12
-2.319999999999841e-02	-1.046756e-12	-1.291017e-12
-2.279999999999841e-02	-1.048856e-12	-1.289304e-12
-2.239999999999841e-02	-1.050965e-12	-1.287583e-12
-2.199999999999841e-02	-1.053084e-12	-1.285857e-12
-2.159999999999841e-02	-1.055212e-12	-1.284123e-12
-2.119999999999841e-02	-1.057350e-12	-1.282383e-12
-2.079999999999841e-02	-1.059498e-12	-1.280637e-12
-2.039999999999841e-02	-1.061654e-12	-1.278883e-12
-1.999999999999840e-02	-1.063820e-12	-1.277123e-12
-1.959999999999840e-02	-1.065996e-12	-1.275357e-12
-1.919999999999840e-02	-1.068180e-12	-1.273585e-12
-1.879999999999840e-02	-1.070374e-12	-1.271806e-12
-1.839999999999840e-02	-1.072577e-12	-1.270021e-12
-1.799999999999840e-02	-1.074789e-12	-1.268230e-12
-1.759999999999840e-02	-1.077010e-12	-1.266433e-12
-1.719999999999840e-02	-1.079240e-12	-1.264630e-12
-1.679999999999840e-02	-1.081479e-12	-1.262820e-12
-1.639999999999840e-02	-1.083727e-12	-1.261005e-12
-1.599999999999839e-02	-1.085983e-12	-1.259184e-12
-1.559999999999839e-02	-1.088248e-12	-1.257358e-12
-1.519999999999840e-02	-1.090522e-12	-1.255526e-12
-1.479999999999840e-02	-1.092804e-12	-1.253688e-12
-1.439999999999840e-02	-1.095095e-12	-1.251845e-12
-1.399999999999840e-02	-1.097395e-12	-1.249996e-12
-1.359999999999840e-02	-1.099702e-12	-1.248142e-12
-1.319999999999840e-02	-1.102018e-12	-1.246282e-12
-1.279999999999840e-02	-1.104342e-12	-1.244418e-12
-1.239999999999840e-02	-1.106675e-12	-1.242548e-12
-1.199999999999840e-02	-1.109015e-12	-1.240674e-12
-1.159999999999840e-02	-1.111363e-12	-1.238794e-12
-1.119999999999840e-02	-1.113720e-12	-1.236910e-12
-1.079999999999840e-02	-1.116084e-12	-1.235021e-12
-1.039999999999840e-02	-1.118456e-12	-1.233127e-12
-9.999999999998404e-03	-1.120835e-12	-1.231228e-12
-9.599999999998405e-03	-1.123222e-12	-1.229325e-12
-9.199999999998406e-03	-1.125617e-12	-1.227418e-12
-8.799999999998406e-03	-1.128019e-12	-1.225507e-12
-8.399999999998407e-03	-1.130428e-12	-1.223591e-12
-7.999999999998408e-03	-1.132845e-12	-1.221671e-12
-7.599999999998408e-03	-1.135269e-12	-1.219747e-12
-7.199999999998407e-03	-1.137700e-12	-1.217819e-12
-6.799999999998407e-03	-1.140138e-12	-1.215888e-12
-6.399999999998407e-03	-1.142582e-12	-1.213952e-12
-5.999999999998407e-03	-1.145034e-12	-1.212013e-12
-5.599999999998407e-03	-1.147492e-12	-1.210070e-12
-5.199999999998406e-03	-1.149957e-12	-1.208124e-12
-4.799999999998406e-03	-1.152428e-12	-1.206175e-12
-4.399999999998406e-03	-1.154906e-12	-1.204222e-12
-3.999999999998406e-03	-1.157390e-12	-1.202266e-12
-3.599999999998406e-03	-1.159881e-12	-1.200308e-12
-3.199999999998406e-03	-1.162377e-12	-1.198346e-12
-2.799999999998405e-03	-1.164880e-12	-1.196381e-12
-2.399999999998405e-03	-1.167388e-12	-1.194414e-12
-1.999999999998405e-03	-1.169902e-12	-1.192444e-12
-1.599999999998405e-03	-1.172423e-12	-1.190471e-12
-1.199999999998405e-03	-1.174948e-12	-1.188496e-12
-7.999999999984051e-04	-1.177479e-12	-1.186519e-12
-3.999999999984050e-04	-1.180016e-12	-1.184539e-12
1.594969815943426e-15	-1.182558e-12	-1.182558e-12
4.000000000015950e-04	-1.185105e-12	-1.180574e-12
8.000000000015950e-04	-1.187658e-12	-1.178589e-12
1.200000000001595e-03	-1.190215e-12	-1.176602e-12
1.600000000001595e-03	-1.192777e-12	-1.174613e-12
2.000000000001595e-03	-1.195344e-12	-1.172622e-12
2.400000000001595e-03	-1.197916e-12	-1.170630e-12
2.800000000001595e-03	-1.200492e-12	-1.168637e-12
3.200000000001596e-03	-1.203073e-12	-1.166642e-12
3.600000000001596e-03	-1.205658e-12	-1.164647e-12
4.000000000001596e-03	-1.208247e-12	-1.162650e-12
4.400000000001596e-03	-1.210841e-12	-1.160652e-12
4.800000000001596e-03	-1.213438e-12	-1.158654e-12
5.200000000001597e-03	-1.216040e-12	-1.156655e-12
5.600000000001597e-03	-1.218645e-12	-1.154655e-12
6.000000000001597e-03	-1.221254e-12	-1.152655e-12
6.400000000001597e-03	-1.223867e-12	-1.150655e-12
6.800000000001597e-03	-1.226483e-12	-1.148654e-12
7.200000000001597e-03	-1.229103e-12	-1.146653e-12
7.600000000001598e-03	-1.231726e-12	-1.144652e-12
8.000000000001598e-03	-1.234351e-12	-1.142651e-12
8.400000000001597e-03	-1.236980e-12	-1.140651e-12
8.800000000001596e-03	-1.239612e-12	-1.138650e-12
9.200000000001596e-03	-1.242247e-12	-1.136650e-12
9.600000000001595e-03	-1.244885e-12	-1.134651e-12
1.000000000000159e-02	-1.247525e-12	-1.132652e-12
1.040000000000159e-02	-1.250167e-12	-1.130654e-12
1.080000000000159e-02	-1.252812e-12	-1.128657e-12
1.120000000000159e-02	-1.255459e-12	-1.126661e-12
1.160000000000159e-02	-1.258109e-12	-1.124666e-12
1.200000000000159e-02	-1.260760e-12	-1.122672e-12
1.240000000000159e-02	-1.263414e-12	-1.120680e-12
1.280000000000159e-02	-1.266069e-12	-1.118688e-12
1.320000000000159e-02	-1.268725e-12	-1.116699e-12
1.360000000000159e-02	-1.271384e-12	-1.114711e-12
1.400000000000159e-02	-1.274044e-12	-1.112724e-12
1.440000000000159e-02	-1.276705e-12	-1.110740e-12
1.480000000000159e-02	-1.279368e-12	-1.108758e-12
1.520000000000159e-02	-1.282031e-12	-1.106777e-12
1.560000000000158e-02	-1.284696e-12	-1.104799e-12
1.600000000000159e-02	-1.287362e-12	-1.102823e-12
1.640000000000159e-02	-1.290028e-12	-1.100849e-12
1.680000000000159e-02	-1.292695e-12	-1.098878e-12
1.720000000000159e-02	-1.295363e-12	-1.096909e-12
1.760000000000159e-02	-1.298032e-12	-1.094943e-12
1.800000000000159e-02	-1.300700e-12	-1.092980e-12
1.840000000000159e-02	-1.303369e-12	-1.091020e-12
1.880000000000159e-02	-1.306039e-12	-1.089062e-12
1.920000000000159e-02	-1.308708e-12	-1.087108e-12
1.960000000000160e-02	-1.311377e-12	-1.085157e-12
2.000000000000160e-02	-1.314046e-12	-1.083209e-12
2.040000000000160e-02	-1.316715e-12	-1.081265e-12
2.080000000000160e-02	-1.319384e-12	-1.079324e-12
2.120000000000160e-02	-1.322052e-12	-1.077387e-12
2.160000000000160e-02	-1.324719e-12	-1.075453e-12
2.200000000000160e-02	-1.327386e-12	-1.073523e-12
2.240000000000160e-02	-1.330052e-12	-1.071597e-12
2.280000000000160e-02	-1.332717e-12	-1.069675e-12
2.320000000000160e-02	-1.335382e-12	-1.067757e-12
2.360000000000161e-02	-1.338045e-12	-1.065843e-12
2.400000000000161e-02	-1.340707e-12	-1.063934e-12
2.440000000000161e-02	-1.343368e-12	-1.062029e-12
2.480000000000161e-02	-1.346027e-12	-1.060128e-12
2.520000000000161e-02	-1.348685e-12	-1.058231e-12
2.560000000000161e-02	-1.351342e-12	-1.056340e-12
2.600000000000161e-02	-1.353997e-12	-1.054453e-12
2.640000000000161e-02	-1.356650e-12	-1.052570e-12
2.680000000000161e-02	-1.359301e-12	-1.050693e-12
2.720000000000162e-02	-1.361951e-12	-1.048820e-12
2.760000000000162e-02	-1.364598e-12	-1.046953e-12
2.800000000000162e-02	-1.367243e-12	-1.045090e-12
2.840000000000162e-02	-1.369887e-12	-1.043233e-12
2.880000000000162e-02	-1.372527e-12	-1.041381e-12
2.920000000000162e-02	-1.375166e-12	-1.039534e-12
2.960000000000162e-02	-1.377802e-12	-1.037693e-12
3.000000000000162e-02	-1.380436e-12	-1.035857e-12
3.040000000000162e-02	-1.383066e-12	-1.034027e-12
3.080000000000162e-02	-1.385695e-12	-1.032202e-12
3.120000000000163e-02	-1.388320e-12	-1.030383e-12
3.160000000000163e-02	-1.390943e-12	-1.028570e-12
3.200000000000162e-02	-1.393563e-12	-1.026763e-12
3.240000000000162e-02	-1.396179e-12	-1.024962e-12
3.280000000000162e-02	-1.398793e-12	-1.023166e-12
3.320000000000162e-02	-1.401403e-12	-1.021377e-12
3.360000000000161e-02	-1.404010e-12	-1.019594e-12
3.400000000000161e-02	-1.406614e-12	-1.017817e-12
3.440000000000161e-02	-1.409215e-12	-1.016046e-12
3.480000000000161e-02	-1.411812e-12	-1.014282e-12
3.520000000000161e-02	-1.414405e-12	-1.012524e-12
3.560000000000160e-02	-1.416995e-12	-1.010772e-12
3.600000000000160e-02	-1.419581e-12	-1.009027e-12
3.640000000000160e-02	-1.422163e-12	-1.007289e-12
3.680000000000160e-02	-1.424742e-12	-1.005557e-12
3.720000000000159e-02	-1.427316e-12	-1.003832e-12
3.760000000000159e-02	-1.429887e-12	-1.002113e-12
3.800000000000159e-02	-1.432454e-12	-1.000402e-12
3.840000000000159e-02	-1.435016e-12	-9.986967e-13
3.880000000000158e-02	-1.437574e-12	-9.969987e-13
3.920000000000158e-02	-1.440129e-12	-9.953077e-13
3.960000000000158e-02	-1.442679e-12	-9.936236e-13
4.000000000000158e-02	-1.445224e-12	-9.919465e-13
4.040000000000157e-02	-1.447765e-12	-9.902765e-13
4.080000000000157e-02	-1.450302e-12	-9.886137e-13
4.120000000000157e-02	-1.452834e-12	-9.869580e-13
4.160000000000157e-02	-1.455362e-12	-9.853095e-13
4.200000000000156e-02	-1.457885e-12	-9.836683e-13
4.240000000000156e-02	-1.460404e-12	-9.820344e-13
4.280000000000156e-02	-1.462918e-12	-9.804078e-13
4.320000000000156e-02	-1.465427e-12	-9.787886e-13
4.360000000000155e-02	-1.467931e-12	-9.771768e-13
4.400000000000155e-02	-1.470430e-12	-9.755724e-13
4.440000000000155e-02	-1.472925e-12	-9.739755e-13
4.480000000000155e-02	-1.475414e-12	-9.723860e-13
4.520000000000154e-02	-1.477899e-12	-9.708042e-13
4.560000000000154e-02	-1.480378e-12	-9.692299e-13
4.600000000000154e-02	-1.482852e-12	-9.676632e-13
4.640000000000154e-02	-1.485322e-12	-9.661041e-13
4.680000000000153e-02	-1.487786e-12	-9.645529e-13
4.720000000000153e-02	-1.490245e-12	-9.630091e-13
4.760000000000153e-02	-1.492699e-12	-9.614732e-13
4.800000000000153e-02	-1.495147e-12	-9.599449e-13
4.840000000000153e-02	-1.497590e-12	-9.584245e-13
4.880000000000152e-02	-1.500028e-12	-9.569119e-13
4.920000000000152e-02	-1.502460e-12	-9.554069e-13
4.960000000000152e-02	-1.504887e-12	-9.539098e-13
5.000000000000152e-02	-1.507309e-12	-9.524207e-13
5.040000000000151e-02	-1.509725e-12	-9.509393e-13
5.080000000000151e-02	-1.512136e-12	-9.494659e-13
5.120000000000151e-02	-1.514541e-12	-9.480004e-13
5.160000000000151e-02	-1.516940e-12	-9.465426e-13
5.200000000000150e-02	-1.519334e-12	-9.450930e-13
5.240000000000150e-02	-1.521723e-12	-9.436512e-13
5.280000000000150e-02	-1.524105e-12	-9.422173e-13
5.320000000000150e-02	-1.526482e-12	-9.407915e-13
5.360000000000149e-02	-1.528854e-12	-9.393736e-13
5.400000000000149e-02	-1.531219e-12	-9.379637e-13
5.440000000000149e-02	-1.533579e-12	-9.365618e-13
5.480000000000149e-02	-1.535933e-12	-9.351680e-13
5.520000000000148e-02	-1.538282e-12	-9.337820e-13
5.560000000000148e-02	-1.540624e-12	-9.324041e-13
5.600000000000148e-02	-1.542961e-12	-9.310342e-13
5.640000000000148e-02	-1.545292e-12	-9.296724e-13
5.680000000000147e-02	-1.547618e-12	-9.283185e-13
5.720000000000147e-02	-1.549937e-12	-9.269727e-13
5.760000000000147e-02	-1.552251e-12	-9.256349e-13
5.800000000000147e-02	-1.554558e-12	-9.243050e-13
5.840000000000146e-02	-1.556860e-12	-9.229833e-13
5.880000000000146e-02	-1.559156e-12	-9.216695e-13
5.920000000000146e-02	-1.561446e-12	-9.203638e-13
5.960000000000146e-02	-1.563730e-12	-9.190661e-13
6.000000000000145e-02	-1.566008e-12	-9.177764e-13
6.040000000000145e-02	-1.568281e-12	-9.164947e-13
6.080000000000145e-02	-1.570547e-12	-9.152210e-13
6.120000000000145e-02	-1.572808e-12	-9.139553e-13
6.160000000000145e-02	-1.575062e-12	-9.126975e-13
6.200000000000144e-02	-1.577311e-12	-9.114478e-13
6.240000000000144e-02	-1.579553e-12	-9.102060e-13
6.280000000000144e-02	-1.581790e-12	-9.089722e-13
6.320000000000144e-02	-1.584021e-12	-9.077463e-13
6.360000000000143e-02	-1.586246e-12	-9.065284e-13
6.400000000000143e-02	-1.588465e-12	-9.053183e-13
6.440000000000143e-02	-1.590678e-12	-9.041162e-13
6.480000000000143e-02	-1.592885e-12	-9.029220e-13
6.520000000000142e-02	-1.595086e-12	-9.017357e-13
6.560000000000142e-02	-1.597281e-12	-9.005572e-13
6.600000000000142e-02	-1.599470e-12	-8.993866e-13
6.640000000000142e-02	-1.601653e-12	-8.982238e-13
6.680000000000141e-02	-1.603831e-12	-8.970688e-13
6.720000000000141e-02	-1.606002e-12	-8.959216e-13
6.760000000000141e-02	-1.608167e-12	-8.947823e-13
6.800000000000141e-02	-1.610327e-12	-8.936507e-13
6.840000000000140e-02	-1.612481e-12	-8.925268e-13
6.880000000000140e-02	-1.614628e-12	-8.914107e-13
6.920000000000140e-02	-1.616770e-12	-8.903023e-13
6.960000000000140e-02	-1.618907e-12	-8.892015e-13
7.000000000000139e-02	-1.621037e-12	-8.881085e-13
7.040000000000139e-02	-1.623161e-12	-8.870230e-13
7.080000000000139e-02	-1.625279e-12	-8.859452e-13
7.120000000000139e-02	-1.627392e-12	-8.848750e-13
7.160000000000138e-02	-1.629499e-12	-8.838124e-13
7.200000000000138e-02	-1.631600e-12	-8.827574e-13
7.240000000000138e-02	-1.633695e-12	-8.817098e-13
7.280000000000138e-02	-1.635784e-12	-8.806698e-13
7.320000000000138e-02	-1.637868e-12	-8.796372e-13
7.360000000000137e-02	-1.639946e-12	-8.786121e-13
7.400000000000137e-02	-1.642018e-12	-8.775944e-13
7.440000000000137e-02	-1.644084e-12	-8.765842e-13
7.480000000000137e-02	-1.646145e-12	-8.755813e-13
7.520000000000136e-02	-1.648200e-12	-8.745857e-13
7.560000000000136e-02	-1.650250e-12	-8.735975e-13
7.600000000000136e-02	-1.652293e-12	-8.726165e-13
7.640000000000136e-02	-1.654332e-12	-8.716429e-13
7.680000000000135e-02	-1.656364e-12	-8.706764e-13
7.720000000000135e-02	-1.658391e-12	-8.697172e-13
7.760000000000135e-02	-1.660412e-12	-8.687652e-13
7.800000000000135e-02	-1.662428e-12	-8.678202e-13
7.840000000000134e-02	-1.664438e-12	-8.668825e-13
7.880000000000134e-02	-1.666442e-12	-8.659517e-13
7.920000000000134e-02	-1.668441e-12	-8.650281e-13
7.960000000000134e-02	-1.670435e-12	-8.641115e-13
8.000000000000133e-02	-1.672423e-12	-8.632019e-13
8.040000000000133e-02	-1.674406e-12	-8.622992e-13
8.080000000000133e-02	-1.676383e-12	-8.614035e-13
8.120000000000133e-02	-1.678355e-12	-8.605146e-13
8.160000000000132e-02	-1.680321e-12	-8.596327e-13
8.200000000000132e-02	-1.682282e-12	-8.587576e-13
8.240000000000132e-02	-1.684238e-12	-8.578892e-13
8.280000000000132e-02	-1.686189e-12	-8.570277e-13
8.320000000000131e-02	-1.688134e-12	-8.561729e-13
8.360000000000131e-02	-1.690074e-12	-8.553248e-13
8.400000000000131e-02	-1.692009e-12	-8.544833e-13
8.440000000000131e-02	-1.693938e-12	-8.536485e-13
8.480000000000130e-02	-1.695862e-12	-8.528203e-13
8.520000000000130e-02	-1.697781e-12	-8.519987e-13
8.560000000000130e-02	-1.699695e-12	-8.511836e-13
8.600000000000130e-02	-1.701604e-12	-8.503750e-13
8.640000000000130e-02	-1.703508e-12	-8.495729e-13
8.680000000000129e-02	-1.705407e-12	-8.487772e-13
8.720000000000129e-02	-1.707300e-12	-8.479879e-13
8.760000000000129e-02	-1.709189e-12	-8.472050e-13
8.800000000000129e-02	-1.711072e-12	-8.464283e-13
8.840000000000128e-02	-1.712951e-12	-8.456580e-13
8.880000000000128e-02	-1.714824e-12	-8.448939e-13
8.920000000000128e-02	-1.716693e-12	-8.441361e-13
8.960000000000128e-02	-1.718557e-12	-8.433844e-13
9.000000000000127e-02	-1.720416e-12	-8.426389e-13
9.040000000000127e-02	-1.722270e-12	-8.418996e-13
9.080000000000127e-02	-1.724120e-12	-8.411663e-13
9.120000000000127e-02	-1.725964e-12	-8.404390e-13
9.160000000000126e-02	-1.727804e-12	-8.397178e-13
9.200000000000126e-02	-1.729639e-12	-8.390025e-13
9.240000000000126e-02	-1.731470e-12	-8.382931e-13
9.280000000000126e-02	-1.733295e-12	-8.375898e-13
9.320000000000125e-02	-1.735116e-12	-8.368922e-13
9.360000000000125e-02	-1.736933e-12	-8.362004e-13
9.400000000000125e-02	-1.738745e-12	-8.355145e-13
9.440000000000125e-02	-1.740552e-12	-8.348343e-13
9.480000000000124e-02	-1.742355e-12	-8.341598e-13
9.520000000000124e-02	-1.744153e-12	-8.334910e-13
9.560000000000124e-02	-1.745947e-12	-8.328279e-13
9.600000000000124e-02	-1.747736e-12	-8.321704e-13
9.640000000000123e-02	-1.749521e-12	-8.315185e-13
9.680000000000123e-02	-1.751301e-12	-8.308721e-13
9.720000000000123e-02	-1.753078e-12	-8.302312e-13
9.760000000000123e-02	-1.754849e-12	-8.295958e-13
9.800000000000123e-02	-1.756617e-12	-8.289659e-13
9.840000000000122e-02	-1.758380e-12	-8.283413e-13
9.880000000000122e-02	-1.760139e-12	-8.277221e-13
9.920000000000122e-02	-1.761894e-12	-8.271082e-13
9.960000000000122e-02	-1.763644e-12	-8.264996e-13
1.000000000000012e-01	-1.765390e-12	-8.258963e-13
1.004000000000012e-01	-1.767133e-12	-8.252982e-13
1.008000000000012e-01	-1.768871e-12	-8.247053e-13
1.012000000000012e-01	-1.770605e-12	-8.241175e-13
1.016000000000012e-01	-1.772334e-12	-8.235349e-13
1.020000000000012e-01	-1.774060e-12	-8.229573e-13
1.024000000000012e-01	-1.775782e-12	-8.223848e-13
1.028000000000012e-01	-1.777500e-12	-8.218173e-13
1.032000000000012e-01	-1.779214e-12	-8.212547e-13
1.036000000000012e-01	-1.780924e-12	-8.206971e-13
1.040000000000012e-01	-1.782630e-12	-8.201445e-13
1.044000000000012e-01	-1.784332e-12	-8.195966e-13
1.048000000000012e-01	-1.786031e-12	-8.190536e-13
1.052000000000012e-01	-1.787725e-12	-8.185154e-13
1.056000000000012e-01	-1.789416e-12	-8.179821e-13
1.060000000000012e-01	-1.791103e-12	-8.174534e-13
1.064000000000012e-01	-1.792786e-12	-8.169294e-13
1.068000000000012e-01	-1.794466e-12	-8.164101e-13
1.072000000000012e-01	-1.796142e-12	-8.158954e-13
1.076000000000012e-01	-1.797814e-12	-8.153852e-13
1.080000000000012e-01	-1.799483e-12	-8.148797e-13
1.084000000000012e-01	-1.801148e-12	-8.143787e-13
1.088000000000012e-01	-1.802810e-12	-8.138822e-13
1.092000000000012e-01	-1.804468e-12	-8.133902e-13
1.096000000000012e-01	-1.806122e-12	-8.129025e-13
1.100000000000012e-01	-1.807773e-12	-8.124193e-13
1.104000000000011e-01	-1.809421e-12	-8.119405e-13
1.108000000000011e-01	-1.811065e-12	-8.114659e-13
1.112000000000011e-01	-1.812705e-12	-8.109957e-13
1.116000000000011e-01	-1.814343e-12	-8.105297e-13
1.120000000000011e-01	-1.815977e-12	-8.100679e-13
1.124000000000011e-01	-1.817608e-12	-8.096104e-13
1.128000000000011e-01	-1.819235e-12	-8.091570e-13
1.132000000000011e-01	-1.820859e-12	-8.087078e-13
1.136000000000011e-01	-1.822480e-12	-8.082626e-13
1.140000000000011e-01	-1.824098e-12	-8.078215e-13
1.144000000000011e-01	-1.825712e-12	-8.073845e-13
1.148000000000011e-01	-1.827323e-12	-8.069515e-13
1.152000000000011e-01	-1.828932e-12	-8.065224e-13
1.156000000000011e-01	-1.830536e-12	-8.060973e-13
1.160000000000011e-01	-1.832138e-12	-8.056761e-13
1.164000000000011e-01	-1.833738e-12	-8.052588e-13
1.168000000000011e-01	-1.835333e-12	-8.048453e-13
1.172000000000011e-01	-1.836926e-12	-8.044357e-13
1.176000000000011e-01	-1.838516e-12	-8.040298e-13
1.180000000000011e-01	-1.840103e-12	-8.036277e-13
1.184000000000011e-01	-1.841687e-12	-8.032293e-13
1.188000000000011e-01	-1.843268e-12	-8.028346e-13
1.192000000000011e-01	-1.844846e-12	-8.024436e-13
1.196000000000011e-01	-1.846421e-12	-8.020563e-13
1.200000000000011e-01	-1.847994e-12	-8.016725e-13
1.204000000000011e-01	-1.849563e-12	-8.012924e-13
1.208000000000011e-01	-1.851130e-12	-8.009157e-13
1.212000000000011e-01	-1.852694e-12	-8.005426e-13
1.216000000000011e-01	-1.854256e-12	-8.001730e-13
1.220000000000011e-01	-1.855815e-12	-7.998068e-13
1.224000000000011e-01	-1.857370e-12	-7.994441e-13
1.228000000000011e-01	-1.858924e-12	-7.990848e-13
1.232000000000011e-01	-1.860474e-12	-7.987289e-13
1.236000000000011e-01	-1.862022e-12	-7.983763e-13
1.240000000000011e-01	-1.863568e-12	-7.980271e-13
1.244000000000011e-01	-1.865111e-12	-7.976811e-13
1.248000000000011e-01	-1.866651e-12	-7.973384e-13
1.252000000000011e-01	-1.868189e-12	-7.969990e-13
1.256000000000011e-01	-1.869724e-12	-7.966628e-13
1.260000000000011e-01	-1.871257e-12	-7.963297e-13
1.264000000000011e-01	-1.872787e-12	-7.959998e-13
1.268000000000011e-01	-1.874315e-12	-7.956731e-13
1.272000000000011e-01	-1.875840e-12	-7.953495e-13
1.276000000000011e-01	-1.877363e-12	-7.950289e-13
1.280000000000011e-01	-1.878884e-12	-7.947114e-13
1.284000000000012e-01	-1.880403e-12	-7.943969e-13
1.288000000000012e-01	-1.881918e-12	-7.940854e-13
1.292000000000012e-01	-1.883432e-12	-7.937769e-13
1.296000000000012e-01	-1.884944e-12	-7.934713e-13
1.300000000000012e-01	-1.886453e-12	-7.931686e-13
1.304000000000012e-01	-1.887960e-12	-7.928689e-13
1.308000000000012e-01	-1.889464e-12	-7.925721e-13
1.312000000000012e-01	-1.890967e-12	-7.922780e-13
1.316000000000012e-01	-1.892467e-12	-7.919869e-13
1.320000000000013e-01	-1.893965e-12	-7.916985e-13
1.324000000000013e-01	-1.895461e-12	-7.914128e-13
1.328000000000013e-01	-1.896955e-12	-7.911300e-13
1.332000000000013e-01	-1.898447e-12	-7.908499e-13
1.336000000000013e-01	-1.899937e-12	-7.905724e-13
1.340000000000013e-01	-1.901424e-12	-7.902977e-13
1.344000000000013e-01	-1.902910e-12	-7.900255e-13
1.348000000000013e-01	-1.904394e-12	-7.897561e-13
1.352000000000013e-01	-1.905875e-12	-7.894892e-13
1.356000000000014e-01	-1.907355e-12	-7.892250e-13
1.360000000000014e-01	-1.908832e-12	-7.889632e-13
1.364000000000014e-01	-1.910308e-12	-7.887041e-13
1.368000000000014e-01	-1.911782e-12	-7.884474e-13
1.372000000000014e-01	-1.913254e-12	-7.881933e-13
1.376000000000014e-01	-1.914724e-12	-7.879417e-13
1.380000000000014e-01	-1.916192e-12	-7.876924e-13
1.384000000000014e-01	-1.917658e-12	-7.874456e-13
1.388000000000014e-01	-1.919123e-12	-7.872012e-13
1.392000000000015e-01	-1.920585e-12	-7.869592e-13
1.396000000000015e-01	-1.922046e-12	-7.867196e-13
1.400000000000015e-01	-1.923505e-12	-7.864823e-13
1.404000000000015e-01	-1.924963e-12	-7.862473e-13
1.408000000000015e-01	-1.926418e-12	-7.860146e-13
1.412000000000015e-01	-1.927872e-12	-7.857843e-13
1.416000000000015e-01	-1.929324e-12	-7.855561e-13
1.420000000000015e-01	-1.930775e-12	-7.853302e-13
1.424000000000016e-01	-1.932223e-12	-7.851066e-13
1.428000000000016e-01	-1.933671e-12	-7.848851e-13
1.432000000000016e-01	-1.935116e-12	-7.846658e-13
1.436000000000016e-01	-1.936560e-12	-7.844487e-13
1.440000000000016e-01	-1.938002e-12	-7.842337e-13
1.444000000000016e-01	-1.939443e-12	-7.840208e-13
1.448000000000016e-01	-1.940882e-12	-7.838100e-13
1.452000000000016e-01	-1.942320e-12	-7.836013e-13
1.456000000000016e-01	-1.943756e-12	-7.833947e-13
1.460000000000017e-01	-1.945190e-12	-7.831901e-13
1.464000000000017e-01	-1.946623e-12	-7.829876e-13
1.468000000000017e-01	-1.948055e-12	-7.827870e-13
1.472000000000017e-01	-1.949485e-12	-7.825884e-13
1.476000000000017e-01	-1.950913e-12	-7.823918e-13
1.480000000000017e-01	-1.952341e-12	-7.821972e-13
1.484000000000017e-01	-1.953766e-12	-7.820045e-13
1.488000000000017e-01	-1.955191e-12	-7.818136e-13
1.492000000000017e-01	-1.956614e-12	-7.816247e-13
1.496000000000018e-01	-1.958035e-12	-7.814377e-13
1.500000000000018e-01	-1.959455e-12	-7.812526e-13
1.504000000000018e-01	-1.960874e-12	-7.810692e-13
1.508000000000018e-01	-1.962292e-12	-7.808877e-13
1.512000000000018e-01	-1.963708e-12	-7.807080e-13
1.516000000000018e-01	-1.965123e-12	-7.805302e-13
1.520000000000018e-01	-1.966536e-12	-7.803540e-13
1.524000000000018e-01	-1.967949e-12	-7.801797e-13
1.528000000000019e-01	-1.969360e-12	-7.800071e-13
1.532000000000019e-01	-1.970769e-12	-7.798362e-13
1.536000000000019e-01	-1.972178e-12	-7.796670e-13
1.540000000000019e-01	-1.973585e-12	-7.794995e-13
1.544000000000019e-01	-1.974991e-12	-7.793337e-13
1.548000000000019e-01	-1.976396e-12	-7.791696e-13
1.552000000000019e-01	-1.977800e-12	-7.790071e-13
1.556000000000019e-01	-1.979203e-12	-7.788462e-13
1.560000000000019e-01	-1.980604e-12	-7.786870e-13
1.564000000000020e-01	-1.982004e-12	-7.785293e-13
1.568000000000020e-01	-1.983403e-12	-7.783732e-13
1.572000000000020e-01	-1.984801e-12	-7.782188e-13
1.576000000000020e-01	-1.986198e-12	-7.780659e-13
1.580000000000020e-01	-1.987594e-12	-7.779145e-13
1.584000000000020e-01	-1.988989e-12	-7.777646e-13
1.588000000000020e-01	-1.990383e-12	-7.776163e-13
1.592000000000020e-01	-1.991775e-12	-7.774693e-13
1.596000000000020e-01	-1.993167e-12	-7.773240e-13
1.600000000000021e-01	-1.994557e-12	-7.771801e-13
1.604000000000021e-01	-1.995947e-12	-7.770376e-13
1.608000000000021e-01	-1.997335e-12	-7.768966e-13
1.612000000000021e-01	-1.998723e-12	-7.767570e-13
1.616000000000021e-01	-2.000109e-12	-7.766188e-13
1.620000000000021e-01	-2.001495e-12	-7.764821e-13
1.624000000000021e-01	-2.002880e-12	-7.763467e-13
1.628000000000021e-01	-2.004263e-12	-7.762127e-13
1.632000000000021e-01	-2.005646e-12	-7.760800e-13
1.636000000000022e-01	-2.007028e-12	-7.759487e-13
1.640000000000022e-01	-2.008409e-12	-7.758188e-13
1.644000000000022e-01	-2.009789e-12	-7.756901e-13
1.648000000000022e-01	-2.011168e-12	-7.755627e-13
1.652000000000022e-01	-2.012546e-12	-7.754367e-13
1.656000000000022e-01	-2.013923e-12	-7.753119e-13
1.660000000000022e-01	-2.015300e-12	-7.751884e-13
1.664000000000022e-01	-2.016675e-12	-7.750662e-13
1.668000000000023e-01	-2.018050e-12	-7.749452e-13
1.672000000000023e-01	-2.019424e-12	-7.748254e-13
1.676000000000023e-01	-2.020797e-12	-7.747069e-13
1.680000000000023e-01	-2.022169e-12	-7.745895e-13
1.684000000000023e-01	-2.023541e-12	-7.744734e-13
1.688000000000023e-01	-2.024912e-12	-7.743584e-13
1.692000000000023e-01	-2.026282e-12	-7.742447e-13
1.696000000000023e-01	-2.027651e-12	-7.741321e-13
1.700000000000023e-01	-2.029019e-12	-7.740206e-13
1.704000000000024e-01	-2.030387e-12	-7.739102e-13
1.708000000000024e-01	-2.031754e-12	-7.738011e-13
1.712000000000024e-01	-2.033120e-12	-7.736930e-13
1.716000000000024e-01	-2.034485e-12	-7.735861e-13
1.720000000000024e-01	-2.035850e-12	-7.734802e-13
1.724000000000024e-01	-2.037214e-12	-7.733754e-13
1.728000000000024e-01	-2.038578e-12	-7.732717e-13
1.732000000000024e-01	-2.039940e-12	-7.731690e-13
1.736000000000024e-01	-2.041302e-12	-7.730674e-13
1.740000000000025e-01	-2.042664e-12	-7.729669e-13
1.744000000000025e-01	-2.044024e-12	-7.728674e-13
1.748000000000025e-01	-2.045384e-12	-7.727689e-13
1.752000000000025e-01	-2.046744e-12	-7.726714e-13
1.756000000000025e-01	-2.048103e-12	-7.725749e-13
1.760000000000025e-01	-2.049460e-12	-7.724795e-13
1.764000000000025e-01	-2.050818e-12	-7.723850e-13
1.768000000000025e-01	-2.052175e-12	-7.722915e-13
1.772000000000025e-01	-2.053531e-12	-7.721989e-13
1.776000000000026e-01	-2.054887e-12	-7.721073e-13
1.780000000000026e-01	-2.056242e-12	-7.720166e-13
1.784000000000026e-01	-2.057596e-12	-7.719269e-13
1.788000000000026e-01	-2.058950e-12	-7.718381e-13
1.792000000000026e-01	-2.060304e-12	-7.717502e-13
1.796000000000026e-01	-2.061657e-12	-7.716632e-13
1.800000000000026e-01	-2.063009e-12	-7.715771e-13
1.804000000000026e-01	-2.064361e-12	-7.714920e-13
1.808000000000027e-01	-2.065712e-12	-7.714077e-13
1.812000000000027e-01	-2.067063e-12	-7.713242e-13
1.816000000000027e-01	-2.068413e-12	-7.712417e-13
1.820000000000027e-01	-2.069763e-12	-7.711600e-13
1.824000000000027e-01	-2.071112e-12	-7.710791e-13
1.828000000000027e-01	-2.072460e-12	-7.709991e-13
1.832000000000027e-01	-2.073809e-12	-7.709199e-13
1.836000000000027e-01	-2.075156e-12	-7.708415e-13
1.840000000000027e-01	-2.076504e-12	-7.707639e-13
1.844000000000028e-01	-2.077850e-12	-7.706872e-13
1.848000000000028e-01	-2.079197e-12	-7.706112e-13
1.852000000000028e-01	-2.080543e-12	-7.705360e-13
1.856000000000028e-01	-2.081888e-12	-7.704617e-13
1.860000000000028e-01	-2.083233e-12	-7.703880e-13
1.864000000000028e-01	-2.084578e-12	-7.703152e-13
1.868000000000028e-01	-2.085922e-12	-7.702431e-13
1.872000000000028e-01	-2.087266e-12	-7.701717e-13
1.876000000000028e-01	-2.088609e-12	-7.701012e-13
1.880000000000029e-01	-2.089952e-12	-7.700313e-13
1.884000000000029e-01	-2.091294e-12	-7.699622e-13
1.888000000000029e-01	-2.092636e-12	-7.698938e-13
1.892000000000029e-01	-2.093978e-12	-7.698260e-13
1.896000000000029e-01	-2.095320e-12	-7.697590e-13
1.900000000000029e-01	-2.096661e-12	-7.696927e-13
1.904000000000029e-01	-2.098001e-12	-7.696271e-13
1.908000000000029e-01	-2.099341e-12	-7.695622e-13
1.912000000000030e-01	-2.100681e-12	-7.694980e-13
1.916000000000030e-01	-2.102021e-12	-7.694344e-13
1.920000000000030e-01	-2.103360e-12	-7.693715e-13
1.924000000000030e-01	-2.104699e-12	-7.693093e-13
1.928000000000030e-01	-2.106037e-12	-7.692476e-13
1.932000000000030e-01	-2.107375e-12	-7.691867e-13
1.936000000000030e-01	-2.108713e-12	-7.691264e-13
1.940000000000030e-01	-2.110051e-12	-7.690667e-13
1.944000000000030e-01	-2.111388e-12	-7.690076e-13
1.948000000000031e-01	-2.112725e-12	-7.689492e-13
1.952000000000031e-01	-2.114062e-12	-7.688914e-13
1.956000000000031e-01	-2.115398e-12	-7.688341e-13
1.960000000000031e-01	-2.116734e-12	-7.687775e-13
1.964000000000031e-01	-2.118070e-12	-7.687215e-13
1.968000000000031e-01	-2.119405e-12	-7.686661e-13
1.972000000000031e-01	-2.120740e-12	-7.686112e-13
1.976000000000031e-01	-2.122075e-12	-7.685569e-13
1.980000000000031e-01	-2.123410e-12	-7.685032e-13
1.984000000000032e-01	-2.124744e-12	-7.684500e-13
1.988000000000032e-01	-2.126078e-12	-7.683974e-13
1.992000000000032e-01	-2.127412e-12	-7.683454e-13
1.996000000000032e-01	-2.128746e-12	-7.682939e-13
2.000000000000000e-01	-2.130079e-12	-7.682429e-13
